Window Size: 5
[[1.36647027e-01 1.93893948e-02 5.32619175e-02 6.19175147e-03
  1.09266202e-03 7.30091055e-01 4.28494912e-05 5.31333690e-03
  1.65827531e-02 2.94161757e-02 1.97107659e-03]
 [1.28865529e-02 8.89626150e-01 1.12800992e-02 2.31888107e-02
  1.80726047e-02 8.99264873e-03 1.57153085e-04 2.14775882e-03
  1.37421642e-02 1.85789869e-02 1.32707049e-03]
 [1.58586316e-02 1.13275940e-02 8.26914363e-01 6.79655641e-03
  4.07793385e-03 1.18713185e-01 0.00000000e+00 4.07793385e-03
  8.60897145e-03 3.62483009e-03 0.00000000e+00]
 [9.19117647e-04 6.74019608e-03 0.00000000e+00 8.40992647e-01
  3.37009804e-03 3.37009804e-03 0.00000000e+00 2.45098039e-03
  2.17524510e-02 1.83823529e-03 1.18566176e-01]
 [3.13627097e-04 4.70440646e-04 4.70440646e-04 0.00000000e+00
  8.44754587e-01 0.00000000e+00 1.30625686e-01 3.13627097e-04
  0.00000000e+00 2.22675239e-02 7.84067743e-04]
 [1.00000000e+00 0.00000000e+00 0.00000000e+00 0.00000000e+00
  0.00000000e+00 0.00000000e+00 0.00000000e+00 0.00000000e+00
  0.00000000e+00 0.00000000e+00 0.00000000e+00]
 [0.00000000e+00 0.00000000e+00 0.00000000e+00 0.00000000e+00
  0.00000000e+00 0.00000000e+00 1.00000000e+00 0.00000000e+00
  0.00000000e+00 0.00000000e+00 0.00000000e+00]
 [0.00000000e+00 0.00000000e+00 0.00000000e+00 2.40384615e-03
  0.00000000e+00 0.00000000e+00 0.00000000e+00 9.51923077e-01
  3.60576923e-02 9.61538462e-03 0.00000000e+00]
 [2.50696379e-02 5.57103064e-03 2.78551532e-03 4.17827298e-02
  0.00000000e+00 0.00000000e+00 0.00000000e+00 3.09192201e-01
  6.01671309e-01 1.39275766e-02 0.00000000e+00]
 [0.00000000e+00 0.00000000e+00 0.00000000e+00 0.00000000e+00
  0.00000000e+00 0.00000000e+00 0.00000000e+00 0.00000000e+00
  0.00000000e+00 0.00000000e+00 0.00000000e+00]
 [0.00000000e+00 3.06748466e-02 0.00000000e+00 8.58895706e-02
  0.00000000e+00 0.00000000e+00 0.00000000e+00 0.00000000e+00
  0.00000000e+00 0.00000000e+00 8.83435583e-01]]


Window Size: 12
[[1.13401178e-01 2.53240493e-02 4.25923942e-02 5.80610605e-03
  1.58543117e-03 7.47895019e-01 6.85591859e-04 8.46277450e-03
  2.06320300e-02 3.04874130e-02 3.12801285e-03]
 [1.56473752e-02 8.99200168e-01 1.28008103e-02 7.19499843e-03
  1.21721211e-02 1.26785652e-02 1.04781531e-04 6.51391848e-03
  7.94593273e-03 2.42743879e-02 1.46694143e-03]
 [6.34345265e-03 1.35931128e-02 7.95650204e-01 0.00000000e+00
  0.00000000e+00 1.64476665e-01 0.00000000e+00 1.04213865e-02
  5.89034889e-03 3.62483009e-03 0.00000000e+00]
 [2.75735294e-03 1.89950980e-02 3.06372549e-04 8.00551471e-01
  0.00000000e+00 3.98284314e-03 0.00000000e+00 7.35294118e-03
  2.66544118e-02 6.12745098e-04 1.38786765e-01]
 [0.00000000e+00 1.05065078e-02 0.00000000e+00 0.00000000e+00
  6.43876431e-01 0.00000000e+00 3.17390623e-01 3.13627097e-04
  3.13627097e-04 2.75991846e-02 0.00000000e+00]
 [0.00000000e+00 0.00000000e+00 0.00000000e+00 0.00000000e+00
  0.00000000e+00 1.00000000e+00 0.00000000e+00 0.00000000e+00
  0.00000000e+00 0.00000000e+00 0.00000000e+00]
 [0.00000000e+00 0.00000000e+00 0.00000000e+00 0.00000000e+00
  5.20833333e-03 0.00000000e+00 9.94791667e-01 0.00000000e+00
  0.00000000e+00 0.00000000e+00 0.00000000e+00]
 [0.00000000e+00 0.00000000e+00 0.00000000e+00 4.80769231e-03
  0.00000000e+00 0.00000000e+00 0.00000000e+00 8.22115385e-01
  1.73076923e-01 0.00000000e+00 0.00000000e+00]
 [9.47075209e-02 2.11699164e-01 5.57103064e-03 8.07799443e-02
  0.00000000e+00 0.00000000e+00 0.00000000e+00 2.78551532e-01
  3.14763231e-01 1.39275766e-02 0.00000000e+00]
 [0.00000000e+00 0.00000000e+00 0.00000000e+00 0.00000000e+00
  0.00000000e+00 0.00000000e+00 0.00000000e+00 0.00000000e+00
  0.00000000e+00 0.00000000e+00 0.00000000e+00]
 [0.00000000e+00 6.74846626e-02 0.00000000e+00 5.52147239e-02
  0.00000000e+00 0.00000000e+00 0.00000000e+00 0.00000000e+00
  0.00000000e+00 0.00000000e+00 8.77300613e-01]]


Window Size: 19
[[1.11901446e-01 3.04017140e-02 3.48366363e-02 8.33422603e-03
  2.44242100e-03 7.41874665e-01 1.04981253e-03 1.30476701e-02
  1.98178897e-02 3.22442421e-02 4.04927691e-03]
 [1.54571653e-02 8.86647454e-01 1.32390184e-02 8.55820452e-03
  1.34486071e-02 2.04523622e-02 1.04794341e-04 8.73286176e-03
  8.29621867e-03 2.36311239e-02 1.43218933e-03]
 [4.98414137e-03 5.89034889e-03 7.64386044e-01 0.00000000e+00
  0.00000000e+00 1.94834617e-01 0.00000000e+00 1.72179429e-02
  7.70276393e-03 4.98414137e-03 0.00000000e+00]
 [3.06372549e-03 3.24754902e-02 1.22549020e-03 7.43566176e-01
  0.00000000e+00 5.20833333e-03 0.00000000e+00 9.19117647e-03
  3.09436275e-02 9.19117647e-04 1.73406863e-01]
 [0.00000000e+00 1.25450839e-02 0.00000000e+00 0.00000000e+00
  4.85965187e-01 0.00000000e+00 4.69029324e-01 7.84067743e-04
  0.00000000e+00 3.16763368e-02 0.00000000e+00]
 [0.00000000e+00 0.00000000e+00 0.00000000e+00 0.00000000e+00
  0.00000000e+00 1.00000000e+00 0.00000000e+00 0.00000000e+00
  0.00000000e+00 0.00000000e+00 0.00000000e+00]
 [0.00000000e+00 0.00000000e+00 0.00000000e+00 0.00000000e+00
  5.20833333e-03 0.00000000e+00 9.94791667e-01 0.00000000e+00
  0.00000000e+00 0.00000000e+00 0.00000000e+00]
 [7.21153846e-03 0.00000000e+00 0.00000000e+00 4.08653846e-02
  0.00000000e+00 0.00000000e+00 0.00000000e+00 6.77884615e-01
  2.74038462e-01 0.00000000e+00 0.00000000e+00]
 [1.50417827e-01 3.09192201e-01 3.62116992e-02 8.63509749e-02
  0.00000000e+00 0.00000000e+00 0.00000000e+00 2.22841226e-01
  1.92200557e-01 0.00000000e+00 2.78551532e-03]
 [0.00000000e+00 0.00000000e+00 0.00000000e+00 0.00000000e+00
  0.00000000e+00 0.00000000e+00 0.00000000e+00 0.00000000e+00
  0.00000000e+00 0.00000000e+00 0.00000000e+00]
 [0.00000000e+00 8.58895706e-02 0.00000000e+00 9.81595092e-02
  0.00000000e+00 0.00000000e+00 0.00000000e+00 0.00000000e+00
  0.00000000e+00 0.00000000e+00 8.15950920e-01]]


