Window Size: 5
[[9.94879486e-01 1.79967863e-03 1.71397965e-04 1.07123728e-04
  6.85591859e-04 0.00000000e+00 8.56989823e-05 5.14193894e-04
  1.75682914e-03 0.00000000e+00 0.00000000e+00]
 [1.99060574e-03 9.96577555e-01 1.04768723e-04 2.09537446e-04
  4.36536346e-04 0.00000000e+00 0.00000000e+00 4.19074892e-04
  2.61921808e-04 0.00000000e+00 0.00000000e+00]
 [1.40462166e-02 0.00000000e+00 9.85047576e-01 0.00000000e+00
  0.00000000e+00 0.00000000e+00 0.00000000e+00 9.06207522e-04
  0.00000000e+00 0.00000000e+00 0.00000000e+00]
 [9.19117647e-04 4.90196078e-03 0.00000000e+00 9.88664216e-01
  0.00000000e+00 0.00000000e+00 0.00000000e+00 9.19117647e-04
  4.59558824e-03 0.00000000e+00 0.00000000e+00]
 [0.00000000e+00 6.42935550e-03 0.00000000e+00 0.00000000e+00
  9.13282108e-01 7.68386389e-02 3.29308452e-03 0.00000000e+00
  1.56813549e-04 0.00000000e+00 0.00000000e+00]
 [0.00000000e+00 0.00000000e+00 2.50000000e-01 0.00000000e+00
  0.00000000e+00 0.00000000e+00 0.00000000e+00 0.00000000e+00
  7.50000000e-01 0.00000000e+00 0.00000000e+00]
 [0.00000000e+00 0.00000000e+00 0.00000000e+00 0.00000000e+00
  1.09375000e-01 0.00000000e+00 8.90625000e-01 0.00000000e+00
  0.00000000e+00 0.00000000e+00 0.00000000e+00]
 [0.00000000e+00 0.00000000e+00 0.00000000e+00 0.00000000e+00
  0.00000000e+00 0.00000000e+00 7.45192308e-02 8.60576923e-01
  3.60576923e-02 2.88461538e-02 0.00000000e+00]
 [2.50696379e-02 1.03064067e-01 0.00000000e+00 1.67130919e-02
  0.00000000e+00 0.00000000e+00 0.00000000e+00 9.74930362e-02
  2.84122563e-01 4.73537604e-01 0.00000000e+00]
 [0.00000000e+00 0.00000000e+00 0.00000000e+00 0.00000000e+00
  0.00000000e+00 0.00000000e+00 0.00000000e+00 0.00000000e+00
  0.00000000e+00 0.00000000e+00 0.00000000e+00]
 [0.00000000e+00 1.22699387e-02 0.00000000e+00 0.00000000e+00
  0.00000000e+00 0.00000000e+00 0.00000000e+00 0.00000000e+00
  3.68098160e-02 9.50920245e-01 0.00000000e+00]]


Window Size: 12
[[9.92886984e-01 2.35672201e-03 1.92822710e-04 1.07123728e-04
  6.85591859e-04 0.00000000e+00 0.00000000e+00 6.85591859e-04
  3.08516336e-03 0.00000000e+00 0.00000000e+00]
 [2.02577626e-03 9.96088156e-01 1.57172296e-04 2.27026649e-04
  9.25570186e-04 0.00000000e+00 0.00000000e+00 4.88980476e-04
  8.73179421e-05 0.00000000e+00 0.00000000e+00]
 [1.40462166e-02 0.00000000e+00 9.80516538e-01 0.00000000e+00
  0.00000000e+00 0.00000000e+00 0.00000000e+00 9.06207522e-04
  4.53103761e-03 0.00000000e+00 0.00000000e+00]
 [1.22549020e-03 4.90196078e-03 0.00000000e+00 9.81311275e-01
  3.37009804e-03 0.00000000e+00 0.00000000e+00 9.19117647e-04
  8.27205882e-03 0.00000000e+00 0.00000000e+00]
 [0.00000000e+00 6.42935550e-03 0.00000000e+00 0.00000000e+00
  9.06539125e-01 8.35816215e-02 3.29308452e-03 1.56813549e-04
  0.00000000e+00 0.00000000e+00 0.00000000e+00]
 [0.00000000e+00 0.00000000e+00 2.50000000e-01 0.00000000e+00
  0.00000000e+00 7.50000000e-01 0.00000000e+00 0.00000000e+00
  0.00000000e+00 0.00000000e+00 0.00000000e+00]
 [0.00000000e+00 0.00000000e+00 0.00000000e+00 0.00000000e+00
  1.09375000e-01 0.00000000e+00 8.69791667e-01 0.00000000e+00
  2.08333333e-02 0.00000000e+00 0.00000000e+00]
 [0.00000000e+00 0.00000000e+00 0.00000000e+00 0.00000000e+00
  0.00000000e+00 0.00000000e+00 0.00000000e+00 9.27884615e-01
  5.52884615e-02 1.68269231e-02 0.00000000e+00]
 [3.34261838e-02 1.03064067e-01 8.35654596e-03 1.94986072e-02
  0.00000000e+00 0.00000000e+00 0.00000000e+00 8.91364903e-02
  2.86908078e-01 4.59610028e-01 0.00000000e+00]
 [0.00000000e+00 0.00000000e+00 0.00000000e+00 0.00000000e+00
  0.00000000e+00 0.00000000e+00 0.00000000e+00 0.00000000e+00
  0.00000000e+00 0.00000000e+00 0.00000000e+00]
 [0.00000000e+00 1.22699387e-02 0.00000000e+00 0.00000000e+00
  0.00000000e+00 0.00000000e+00 0.00000000e+00 0.00000000e+00
  1.22699387e-01 8.65030675e-01 0.00000000e+00]]


Window Size: 19
[[9.89437600e-01 8.82699518e-03 1.92822710e-04 1.28548473e-04
  6.85591859e-04 0.00000000e+00 2.14247456e-05 6.85591859e-04
  0.00000000e+00 2.14247456e-05 0.00000000e+00]
 [2.04348965e-03 9.95738363e-01 1.57191512e-04 2.09588682e-04
  1.30992926e-03 0.00000000e+00 0.00000000e+00 4.89040258e-04
  5.23971706e-05 0.00000000e+00 0.00000000e+00]
 [1.40462166e-02 9.06207522e-03 9.74173086e-01 0.00000000e+00
  0.00000000e+00 0.00000000e+00 0.00000000e+00 9.06207522e-04
  1.81241504e-03 0.00000000e+00 0.00000000e+00]
 [1.22549020e-03 4.90196078e-03 3.06372549e-04 9.75490196e-01
  7.65931373e-03 0.00000000e+00 0.00000000e+00 9.19117647e-04
  9.49754902e-03 0.00000000e+00 0.00000000e+00]
 [0.00000000e+00 6.27254195e-03 0.00000000e+00 0.00000000e+00
  8.98384820e-01 9.18927395e-02 3.29308452e-03 1.56813549e-04
  0.00000000e+00 0.00000000e+00 0.00000000e+00]
 [0.00000000e+00 0.00000000e+00 2.50000000e-01 0.00000000e+00
  0.00000000e+00 7.50000000e-01 0.00000000e+00 0.00000000e+00
  0.00000000e+00 0.00000000e+00 0.00000000e+00]
 [0.00000000e+00 0.00000000e+00 0.00000000e+00 0.00000000e+00
  1.09375000e-01 0.00000000e+00 8.90625000e-01 0.00000000e+00
  0.00000000e+00 0.00000000e+00 0.00000000e+00]
 [0.00000000e+00 0.00000000e+00 0.00000000e+00 0.00000000e+00
  0.00000000e+00 0.00000000e+00 0.00000000e+00 9.30288462e-01
  5.04807692e-02 1.92307692e-02 0.00000000e+00]
 [3.34261838e-02 1.05849582e-01 1.11420613e-02 1.94986072e-02
  0.00000000e+00 0.00000000e+00 2.78551532e-03 8.91364903e-02
  2.81337047e-01 4.56824513e-01 0.00000000e+00]
 [0.00000000e+00 0.00000000e+00 0.00000000e+00 0.00000000e+00
  0.00000000e+00 0.00000000e+00 0.00000000e+00 0.00000000e+00
  0.00000000e+00 0.00000000e+00 0.00000000e+00]
 [0.00000000e+00 1.22699387e-02 0.00000000e+00 0.00000000e+00
  0.00000000e+00 0.00000000e+00 0.00000000e+00 0.00000000e+00
  1.04294479e-01 8.83435583e-01 0.00000000e+00]]


