Window Size: 5
[[9.93636851e-01 2.99946438e-03 1.71397965e-04 1.07123728e-04
  6.85591859e-04 0.00000000e+00 8.56989823e-05 5.14193894e-04
  1.79967863e-03 0.00000000e+00 0.00000000e+00]
 [7.01950444e-03 9.91653425e-01 8.73072692e-05 2.09537446e-04
  4.36536346e-04 0.00000000e+00 0.00000000e+00 4.01613438e-04
  1.57153085e-04 3.49229077e-05 0.00000000e+00]
 [1.40462166e-02 0.00000000e+00 9.85047576e-01 0.00000000e+00
  0.00000000e+00 0.00000000e+00 0.00000000e+00 9.06207522e-04
  0.00000000e+00 0.00000000e+00 0.00000000e+00]
 [9.19117647e-04 4.90196078e-03 0.00000000e+00 9.87745098e-01
  0.00000000e+00 0.00000000e+00 0.00000000e+00 9.19117647e-04
  5.51470588e-03 0.00000000e+00 0.00000000e+00]
 [0.00000000e+00 6.42935550e-03 0.00000000e+00 0.00000000e+00
  9.90120746e-01 0.00000000e+00 3.29308452e-03 0.00000000e+00
  1.56813549e-04 0.00000000e+00 0.00000000e+00]
 [0.00000000e+00 0.00000000e+00 0.00000000e+00 0.00000000e+00
  0.00000000e+00 0.00000000e+00 0.00000000e+00 0.00000000e+00
  1.00000000e+00 0.00000000e+00 0.00000000e+00]
 [0.00000000e+00 0.00000000e+00 0.00000000e+00 0.00000000e+00
  1.09375000e-01 0.00000000e+00 8.90625000e-01 0.00000000e+00
  0.00000000e+00 0.00000000e+00 0.00000000e+00]
 [0.00000000e+00 0.00000000e+00 0.00000000e+00 0.00000000e+00
  0.00000000e+00 0.00000000e+00 6.97115385e-02 8.70192308e-01
  4.56730769e-02 1.44230769e-02 0.00000000e+00]
 [2.22841226e-02 1.03064067e-01 0.00000000e+00 1.67130919e-02
  0.00000000e+00 0.00000000e+00 8.35654596e-03 1.03064067e-01
  5.32033426e-01 2.14484680e-01 0.00000000e+00]
 [0.00000000e+00 0.00000000e+00 0.00000000e+00 0.00000000e+00
  0.00000000e+00 0.00000000e+00 0.00000000e+00 0.00000000e+00
  0.00000000e+00 0.00000000e+00 0.00000000e+00]
 [0.00000000e+00 1.22699387e-02 0.00000000e+00 0.00000000e+00
  0.00000000e+00 0.00000000e+00 0.00000000e+00 0.00000000e+00
  3.68098160e-02 9.50920245e-01 0.00000000e+00]]


Window Size: 12
[[9.91687199e-01 2.80664167e-03 1.71397965e-04 1.07123728e-04
  6.85591859e-04 0.00000000e+00 0.00000000e+00 6.85591859e-04
  3.85645420e-03 0.00000000e+00 0.00000000e+00]
 [8.13803220e-03 9.90010827e-01 1.57172296e-04 2.09563061e-04
  9.25570186e-04 0.00000000e+00 0.00000000e+00 4.88980476e-04
  6.98543537e-05 0.00000000e+00 0.00000000e+00]
 [1.40462166e-02 0.00000000e+00 9.80516538e-01 0.00000000e+00
  0.00000000e+00 0.00000000e+00 0.00000000e+00 9.06207522e-04
  4.53103761e-03 0.00000000e+00 0.00000000e+00]
 [1.22549020e-03 4.90196078e-03 0.00000000e+00 9.81311275e-01
  3.37009804e-03 0.00000000e+00 0.00000000e+00 9.19117647e-04
  8.27205882e-03 0.00000000e+00 0.00000000e+00]
 [0.00000000e+00 6.42935550e-03 0.00000000e+00 0.00000000e+00
  9.89493492e-01 6.27254195e-04 3.29308452e-03 1.56813549e-04
  0.00000000e+00 0.00000000e+00 0.00000000e+00]
 [0.00000000e+00 0.00000000e+00 2.50000000e-01 0.00000000e+00
  0.00000000e+00 7.50000000e-01 0.00000000e+00 0.00000000e+00
  0.00000000e+00 0.00000000e+00 0.00000000e+00]
 [0.00000000e+00 0.00000000e+00 0.00000000e+00 0.00000000e+00
  1.09375000e-01 0.00000000e+00 8.69791667e-01 0.00000000e+00
  2.08333333e-02 0.00000000e+00 0.00000000e+00]
 [0.00000000e+00 0.00000000e+00 0.00000000e+00 0.00000000e+00
  0.00000000e+00 0.00000000e+00 0.00000000e+00 9.30288462e-01
  6.49038462e-02 4.80769231e-03 0.00000000e+00]
 [3.06406685e-02 1.03064067e-01 8.35654596e-03 1.94986072e-02
  0.00000000e+00 0.00000000e+00 0.00000000e+00 9.74930362e-02
  5.34818942e-01 2.06128134e-01 0.00000000e+00]
 [0.00000000e+00 0.00000000e+00 0.00000000e+00 0.00000000e+00
  0.00000000e+00 0.00000000e+00 0.00000000e+00 0.00000000e+00
  0.00000000e+00 0.00000000e+00 0.00000000e+00]
 [0.00000000e+00 1.22699387e-02 0.00000000e+00 0.00000000e+00
  0.00000000e+00 0.00000000e+00 0.00000000e+00 0.00000000e+00
  1.22699387e-01 8.65030675e-01 0.00000000e+00]]


Window Size: 19
[[9.89073380e-01 5.39903589e-03 1.92822710e-04 1.28548473e-04
  6.85591859e-04 0.00000000e+00 2.14247456e-05 6.85591859e-04
  3.81360471e-03 0.00000000e+00 0.00000000e+00]
 [8.76779321e-03 9.89014060e-01 1.57191512e-04 2.09588682e-04
  1.30992926e-03 0.00000000e+00 0.00000000e+00 4.89040258e-04
  5.23971706e-05 0.00000000e+00 0.00000000e+00]
 [1.40462166e-02 0.00000000e+00 9.74173086e-01 0.00000000e+00
  0.00000000e+00 0.00000000e+00 0.00000000e+00 9.06207522e-04
  1.08744903e-02 0.00000000e+00 0.00000000e+00]
 [1.22549020e-03 4.90196078e-03 3.06372549e-04 9.75490196e-01
  7.65931373e-03 0.00000000e+00 0.00000000e+00 9.19117647e-04
  9.49754902e-03 0.00000000e+00 0.00000000e+00]
 [0.00000000e+00 6.27254195e-03 0.00000000e+00 0.00000000e+00
  9.85416340e-01 4.86122001e-03 3.29308452e-03 1.56813549e-04
  0.00000000e+00 0.00000000e+00 0.00000000e+00]
 [0.00000000e+00 0.00000000e+00 2.50000000e-01 0.00000000e+00
  0.00000000e+00 7.50000000e-01 0.00000000e+00 0.00000000e+00
  0.00000000e+00 0.00000000e+00 0.00000000e+00]
 [0.00000000e+00 0.00000000e+00 0.00000000e+00 0.00000000e+00
  1.09375000e-01 0.00000000e+00 8.90625000e-01 0.00000000e+00
  0.00000000e+00 0.00000000e+00 0.00000000e+00]
 [0.00000000e+00 0.00000000e+00 0.00000000e+00 0.00000000e+00
  0.00000000e+00 0.00000000e+00 0.00000000e+00 9.35096154e-01
  5.76923077e-02 7.21153846e-03 0.00000000e+00]
 [3.34261838e-02 1.03064067e-01 8.35654596e-03 2.22841226e-02
  0.00000000e+00 0.00000000e+00 2.78551532e-03 9.74930362e-02
  4.70752089e-01 2.61838440e-01 0.00000000e+00]
 [0.00000000e+00 0.00000000e+00 0.00000000e+00 0.00000000e+00
  0.00000000e+00 0.00000000e+00 0.00000000e+00 0.00000000e+00
  0.00000000e+00 0.00000000e+00 0.00000000e+00]
 [0.00000000e+00 1.22699387e-02 0.00000000e+00 0.00000000e+00
  0.00000000e+00 0.00000000e+00 0.00000000e+00 0.00000000e+00
  2.08588957e-01 7.79141104e-01 0.00000000e+00]]


