Window Size: 5
[[7.66555972e-01 1.44188538e-02 2.83020889e-02 1.32983396e-01
  1.88537761e-03 8.52704874e-03 3.99143010e-02 0.00000000e+00
  2.57096947e-04 7.15586502e-03 0.00000000e+00]
 [1.56454626e-02 6.34846077e-01 1.01451047e-02 2.60891582e-01
  4.41774782e-03 0.00000000e+00 5.74132602e-02 0.00000000e+00
  1.22230177e-04 1.65185353e-02 0.00000000e+00]
 [9.06207522e-02 9.06207522e-03 6.95967377e-01 1.33212506e-01
  4.98414137e-03 9.51517898e-03 4.66696874e-02 0.00000000e+00
  0.00000000e+00 9.96828274e-03 0.00000000e+00]
 [8.57843137e-03 1.07230392e-02 0.00000000e+00 7.32536765e-01
  6.74019608e-03 0.00000000e+00 2.38970588e-01 1.22549020e-03
  1.22549020e-03 0.00000000e+00 0.00000000e+00]
 [2.35220323e-03 1.18551043e-01 6.27254195e-04 1.97271444e-01
  3.83879567e-01 0.00000000e+00 2.95750353e-01 1.56813549e-04
  1.41132194e-03 0.00000000e+00 0.00000000e+00]
 [5.00000000e-01 0.00000000e+00 0.00000000e+00 5.00000000e-01
  0.00000000e+00 0.00000000e+00 0.00000000e+00 0.00000000e+00
  0.00000000e+00 0.00000000e+00 0.00000000e+00]
 [0.00000000e+00 0.00000000e+00 0.00000000e+00 0.00000000e+00
  2.08333333e-02 0.00000000e+00 9.79166667e-01 0.00000000e+00
  0.00000000e+00 0.00000000e+00 0.00000000e+00]
 [2.40384615e-03 1.15384615e-01 0.00000000e+00 3.34134615e-01
  2.69230769e-01 0.00000000e+00 3.84615385e-02 2.11538462e-01
  2.88461538e-02 0.00000000e+00 0.00000000e+00]
 [2.78551532e-03 6.96378830e-02 0.00000000e+00 5.76601671e-01
  1.94986072e-01 0.00000000e+00 8.91364903e-02 1.94986072e-02
  4.17827298e-02 5.57103064e-03 0.00000000e+00]
 [0.00000000e+00 0.00000000e+00 0.00000000e+00 0.00000000e+00
  0.00000000e+00 0.00000000e+00 0.00000000e+00 0.00000000e+00
  0.00000000e+00 0.00000000e+00 0.00000000e+00]
 [0.00000000e+00 2.45398773e-02 0.00000000e+00 8.77300613e-01
  2.45398773e-02 0.00000000e+00 7.36196319e-02 0.00000000e+00
  0.00000000e+00 0.00000000e+00 0.00000000e+00]]


Window Size: 12
[[7.59378682e-01 1.57686127e-02 3.01231923e-02 1.08194965e-01
  2.78521693e-04 5.34975897e-02 2.00749866e-02 2.27102303e-03
  2.20674879e-03 8.20567756e-03 0.00000000e+00]
 [1.24864657e-02 8.16562467e-01 6.11225595e-03 1.24655094e-01
  7.03782613e-03 1.22245119e-04 1.69920715e-02 9.77960951e-04
  1.17006042e-03 1.38835528e-02 0.00000000e+00]
 [5.25600362e-02 9.51517898e-03 7.26325329e-01 1.12369733e-01
  3.17172633e-03 5.12007250e-02 2.71862256e-02 1.81241504e-03
  3.62483009e-03 1.22338015e-02 0.00000000e+00]
 [2.75735294e-03 3.06372549e-04 0.00000000e+00 8.19240196e-01
  6.12745098e-03 0.00000000e+00 1.58700980e-01 9.49754902e-03
  3.37009804e-03 0.00000000e+00 0.00000000e+00]
 [0.00000000e+00 4.54759291e-02 6.27254195e-04 1.88803513e-01
  5.40536302e-01 0.00000000e+00 2.15148189e-01 1.88176258e-03
  7.52705034e-03 0.00000000e+00 0.00000000e+00]
 [5.00000000e-01 0.00000000e+00 5.00000000e-01 0.00000000e+00
  0.00000000e+00 0.00000000e+00 0.00000000e+00 0.00000000e+00
  0.00000000e+00 0.00000000e+00 0.00000000e+00]
 [0.00000000e+00 0.00000000e+00 0.00000000e+00 3.64583333e-02
  2.60416667e-02 0.00000000e+00 9.37500000e-01 0.00000000e+00
  0.00000000e+00 0.00000000e+00 0.00000000e+00]
 [0.00000000e+00 0.00000000e+00 0.00000000e+00 2.25961538e-01
  2.16346154e-02 0.00000000e+00 0.00000000e+00 5.36057692e-01
  2.16346154e-01 0.00000000e+00 0.00000000e+00]
 [2.78551532e-03 5.57103064e-03 0.00000000e+00 6.37883008e-01
  5.01392758e-02 0.00000000e+00 5.57103064e-02 8.91364903e-02
  1.55988858e-01 2.78551532e-03 0.00000000e+00]
 [0.00000000e+00 0.00000000e+00 0.00000000e+00 0.00000000e+00
  0.00000000e+00 0.00000000e+00 0.00000000e+00 0.00000000e+00
  0.00000000e+00 0.00000000e+00 0.00000000e+00]
 [0.00000000e+00 0.00000000e+00 0.00000000e+00 9.01840491e-01
  0.00000000e+00 0.00000000e+00 3.06748466e-02 0.00000000e+00
  6.74846626e-02 0.00000000e+00 0.00000000e+00]]


Window Size: 19
[[7.46566685e-01 1.78468131e-02 3.00374933e-02 9.46116765e-02
  4.28494912e-05 8.94911623e-02 6.98446706e-03 3.92072844e-03
  1.49973219e-03 8.99839314e-03 0.00000000e+00]
 [1.47410706e-02 8.53759497e-01 7.70238407e-03 9.92751725e-02
  5.30957995e-03 4.19177364e-04 2.89931010e-03 1.78150380e-03
  1.30992926e-03 1.28023753e-02 0.00000000e+00]
 [5.02945174e-02 8.60897145e-03 7.27231536e-01 1.03307657e-01
  3.62483009e-03 6.79655641e-02 1.13275940e-02 2.26551880e-03
  9.51517898e-03 1.58586316e-02 0.00000000e+00]
 [2.14460784e-03 9.19117647e-04 0.00000000e+00 9.53125000e-01
  5.20833333e-03 0.00000000e+00 1.53186275e-02 1.80759804e-02
  5.20833333e-03 0.00000000e+00 0.00000000e+00]
 [0.00000000e+00 1.58381684e-02 4.70440646e-04 1.91782970e-01
  4.72949663e-01 0.00000000e+00 3.12058962e-01 5.95891485e-03
  9.40881292e-04 0.00000000e+00 0.00000000e+00]
 [7.50000000e-01 0.00000000e+00 2.50000000e-01 0.00000000e+00
  0.00000000e+00 0.00000000e+00 0.00000000e+00 0.00000000e+00
  0.00000000e+00 0.00000000e+00 0.00000000e+00]
 [0.00000000e+00 0.00000000e+00 0.00000000e+00 0.00000000e+00
  2.60416667e-02 0.00000000e+00 9.73958333e-01 0.00000000e+00
  0.00000000e+00 0.00000000e+00 0.00000000e+00]
 [0.00000000e+00 0.00000000e+00 0.00000000e+00 2.35576923e-01
  0.00000000e+00 0.00000000e+00 9.61538462e-03 6.34615385e-01
  1.20192308e-01 0.00000000e+00 0.00000000e+00]
 [2.78551532e-03 1.11420613e-02 0.00000000e+00 6.79665738e-01
  0.00000000e+00 0.00000000e+00 1.16991643e-01 1.11420613e-01
  7.79944290e-02 0.00000000e+00 0.00000000e+00]
 [0.00000000e+00 0.00000000e+00 0.00000000e+00 0.00000000e+00
  0.00000000e+00 0.00000000e+00 0.00000000e+00 0.00000000e+00
  0.00000000e+00 0.00000000e+00 0.00000000e+00]
 [0.00000000e+00 0.00000000e+00 0.00000000e+00 1.00000000e+00
  0.00000000e+00 0.00000000e+00 0.00000000e+00 0.00000000e+00
  0.00000000e+00 0.00000000e+00 0.00000000e+00]]


