Window Size: 5
[[9.57600428e-01 2.01821103e-02 1.90680236e-03 3.62078200e-03
  0.00000000e+00 1.00696304e-03 1.30690948e-03 2.14247456e-05
  1.42474558e-02 8.56989823e-05 2.14247456e-05]
 [2.43063437e-02 9.51282544e-01 7.12427317e-03 5.65751104e-03
  8.03226877e-04 8.73072692e-05 8.73072692e-04 8.73072692e-05
  9.20218617e-03 5.76227977e-04 0.00000000e+00]
 [3.26234708e-02 7.70276393e-03 9.47893068e-01 3.62483009e-03
  0.00000000e+00 0.00000000e+00 0.00000000e+00 0.00000000e+00
  8.15586769e-03 0.00000000e+00 0.00000000e+00]
 [0.00000000e+00 6.12745098e-03 9.19117647e-04 9.65686275e-01
  1.47058824e-02 3.37009804e-03 0.00000000e+00 0.00000000e+00
  8.27205882e-03 0.00000000e+00 9.19117647e-04]
 [0.00000000e+00 2.82264388e-03 0.00000000e+00 3.13627097e-04
  9.49349224e-01 1.56813549e-03 4.12419633e-02 0.00000000e+00
  2.03857613e-03 2.66583033e-03 0.00000000e+00]
 [0.00000000e+00 0.00000000e+00 2.50000000e-01 0.00000000e+00
  0.00000000e+00 7.50000000e-01 0.00000000e+00 0.00000000e+00
  0.00000000e+00 0.00000000e+00 0.00000000e+00]
 [0.00000000e+00 0.00000000e+00 0.00000000e+00 0.00000000e+00
  0.00000000e+00 0.00000000e+00 1.00000000e+00 0.00000000e+00
  0.00000000e+00 0.00000000e+00 0.00000000e+00]
 [0.00000000e+00 0.00000000e+00 0.00000000e+00 0.00000000e+00
  0.00000000e+00 0.00000000e+00 0.00000000e+00 9.83173077e-01
  1.20192308e-02 4.80769231e-03 0.00000000e+00]
 [0.00000000e+00 0.00000000e+00 0.00000000e+00 2.78551532e-03
  0.00000000e+00 0.00000000e+00 2.78551532e-03 6.46239554e-01
  3.25905292e-01 1.94986072e-02 2.78551532e-03]
 [0.00000000e+00 0.00000000e+00 0.00000000e+00 0.00000000e+00
  0.00000000e+00 0.00000000e+00 0.00000000e+00 0.00000000e+00
  0.00000000e+00 0.00000000e+00 0.00000000e+00]
 [0.00000000e+00 6.13496933e-03 0.00000000e+00 6.13496933e-03
  0.00000000e+00 0.00000000e+00 0.00000000e+00 0.00000000e+00
  0.00000000e+00 0.00000000e+00 9.87730061e-01]]


Window Size: 12
[[9.65570434e-01 1.77182646e-02 1.92822710e-03 2.84949116e-03
  6.42742367e-05 5.99892876e-04 8.56989823e-04 3.85645420e-04
  9.98393144e-03 4.28494912e-05 0.00000000e+00]
 [2.58635744e-02 9.54507352e-01 6.26942824e-03 5.55342112e-03
  7.85861479e-04 1.74635884e-05 6.81079948e-04 4.88980476e-04
  5.67566624e-03 1.57172296e-04 0.00000000e+00]
 [3.71545084e-02 7.70276393e-03 9.42002719e-01 1.81241504e-03
  0.00000000e+00 0.00000000e+00 0.00000000e+00 9.06207522e-04
  1.04213865e-02 0.00000000e+00 0.00000000e+00]
 [9.19117647e-04 5.20833333e-03 0.00000000e+00 9.64460784e-01
  1.28676471e-02 4.90196078e-03 0.00000000e+00 6.12745098e-04
  1.10294118e-02 0.00000000e+00 0.00000000e+00]
 [0.00000000e+00 6.11572840e-03 0.00000000e+00 3.13627097e-04
  9.57817155e-01 3.13627097e-03 2.97945743e-02 1.56813549e-04
  1.09769484e-03 1.56813549e-03 0.00000000e+00]
 [0.00000000e+00 0.00000000e+00 2.50000000e-01 0.00000000e+00
  0.00000000e+00 7.50000000e-01 0.00000000e+00 0.00000000e+00
  0.00000000e+00 0.00000000e+00 0.00000000e+00]
 [0.00000000e+00 0.00000000e+00 0.00000000e+00 0.00000000e+00
  0.00000000e+00 0.00000000e+00 1.00000000e+00 0.00000000e+00
  0.00000000e+00 0.00000000e+00 0.00000000e+00]
 [0.00000000e+00 0.00000000e+00 0.00000000e+00 0.00000000e+00
  0.00000000e+00 0.00000000e+00 0.00000000e+00 9.92788462e-01
  4.80769231e-03 2.40384615e-03 0.00000000e+00]
 [0.00000000e+00 0.00000000e+00 0.00000000e+00 2.78551532e-03
  0.00000000e+00 0.00000000e+00 0.00000000e+00 6.46239554e-01
  3.25905292e-01 1.67130919e-02 8.35654596e-03]
 [0.00000000e+00 0.00000000e+00 0.00000000e+00 0.00000000e+00
  0.00000000e+00 0.00000000e+00 0.00000000e+00 0.00000000e+00
  0.00000000e+00 0.00000000e+00 0.00000000e+00]
 [0.00000000e+00 1.22699387e-02 0.00000000e+00 0.00000000e+00
  0.00000000e+00 0.00000000e+00 0.00000000e+00 0.00000000e+00
  0.00000000e+00 0.00000000e+00 9.87730061e-01]]


Window Size: 19
[[9.68548473e-01 1.81681843e-02 1.41403321e-03 2.35672201e-03
  2.78521693e-04 4.07070166e-04 6.21317622e-04 6.85591859e-04
  7.52008570e-03 0.00000000e+00 0.00000000e+00]
 [2.53427648e-02 9.56894594e-01 5.62396297e-03 5.60649725e-03
  8.20889005e-04 0.00000000e+00 3.49314470e-04 4.89040258e-04
  4.80307397e-03 6.98628941e-05 0.00000000e+00]
 [3.98731309e-02 7.24966017e-03 9.35659266e-01 2.26551880e-03
  0.00000000e+00 0.00000000e+00 0.00000000e+00 9.06207522e-04
  1.40462166e-02 0.00000000e+00 0.00000000e+00]
 [1.22549020e-03 4.90196078e-03 0.00000000e+00 9.63541667e-01
  1.56250000e-02 3.98284314e-03 0.00000000e+00 9.19117647e-04
  9.80392157e-03 0.00000000e+00 0.00000000e+00]
 [0.00000000e+00 6.27254195e-03 0.00000000e+00 3.13627097e-04
  9.69421358e-01 4.39077936e-03 1.85039987e-02 0.00000000e+00
  6.27254195e-04 4.70440646e-04 0.00000000e+00]
 [0.00000000e+00 0.00000000e+00 2.50000000e-01 0.00000000e+00
  0.00000000e+00 7.50000000e-01 0.00000000e+00 0.00000000e+00
  0.00000000e+00 0.00000000e+00 0.00000000e+00]
 [0.00000000e+00 0.00000000e+00 0.00000000e+00 0.00000000e+00
  5.20833333e-03 0.00000000e+00 9.94791667e-01 0.00000000e+00
  0.00000000e+00 0.00000000e+00 0.00000000e+00]
 [0.00000000e+00 0.00000000e+00 0.00000000e+00 0.00000000e+00
  0.00000000e+00 0.00000000e+00 0.00000000e+00 9.95192308e-01
  4.80769231e-03 0.00000000e+00 0.00000000e+00]
 [0.00000000e+00 0.00000000e+00 0.00000000e+00 2.78551532e-03
  0.00000000e+00 0.00000000e+00 2.78551532e-03 6.23955432e-01
  3.62116992e-01 0.00000000e+00 8.35654596e-03]
 [0.00000000e+00 0.00000000e+00 0.00000000e+00 0.00000000e+00
  0.00000000e+00 0.00000000e+00 0.00000000e+00 0.00000000e+00
  0.00000000e+00 0.00000000e+00 0.00000000e+00]
 [0.00000000e+00 1.22699387e-02 0.00000000e+00 0.00000000e+00
  0.00000000e+00 0.00000000e+00 0.00000000e+00 0.00000000e+00
  0.00000000e+00 0.00000000e+00 9.87730061e-01]]


