Window Size: 5
[[8.28452062e-01 2.13176219e-02 3.37653990e-02 6.55811462e-02
  2.35672201e-03 4.34922335e-03 4.19710766e-02 0.00000000e+00
  0.00000000e+00 2.20674879e-03 0.00000000e+00]
 [1.70301559e-01 6.07379210e-01 1.76884527e-02 1.44545915e-01
  4.55743945e-03 0.00000000e+00 4.78443835e-02 0.00000000e+00
  0.00000000e+00 7.68303969e-03 0.00000000e+00]
 [1.72179429e-01 9.51517898e-03 6.03081106e-01 9.15269597e-02
  7.24966017e-03 1.35931128e-03 1.11916629e-01 0.00000000e+00
  0.00000000e+00 3.17172633e-03 0.00000000e+00]
 [1.38480392e-01 3.27818627e-02 0.00000000e+00 5.67401961e-01
  8.57843137e-03 0.00000000e+00 2.51531863e-01 1.22549020e-03
  0.00000000e+00 0.00000000e+00 0.00000000e+00]
 [9.09518582e-02 1.52265956e-01 6.27254195e-04 1.01771993e-01
  3.65375568e-01 0.00000000e+00 2.89007370e-01 0.00000000e+00
  0.00000000e+00 0.00000000e+00 0.00000000e+00]
 [2.50000000e-01 0.00000000e+00 0.00000000e+00 7.50000000e-01
  0.00000000e+00 0.00000000e+00 0.00000000e+00 0.00000000e+00
  0.00000000e+00 0.00000000e+00 0.00000000e+00]
 [0.00000000e+00 0.00000000e+00 0.00000000e+00 0.00000000e+00
  2.60416667e-02 0.00000000e+00 9.73958333e-01 0.00000000e+00
  0.00000000e+00 0.00000000e+00 0.00000000e+00]
 [2.13942308e-01 1.94711538e-01 2.40384615e-03 1.46634615e-01
  3.55769231e-01 0.00000000e+00 1.20192308e-02 7.45192308e-02
  0.00000000e+00 0.00000000e+00 0.00000000e+00]
 [1.33704735e-01 1.30919220e-01 0.00000000e+00 4.17827298e-01
  2.28412256e-01 0.00000000e+00 8.07799443e-02 8.35654596e-03
  0.00000000e+00 0.00000000e+00 0.00000000e+00]
 [0.00000000e+00 0.00000000e+00 0.00000000e+00 0.00000000e+00
  0.00000000e+00 0.00000000e+00 0.00000000e+00 0.00000000e+00
  0.00000000e+00 0.00000000e+00 0.00000000e+00]
 [0.00000000e+00 2.45398773e-02 0.00000000e+00 8.77300613e-01
  2.45398773e-02 0.00000000e+00 7.36196319e-02 0.00000000e+00
  0.00000000e+00 0.00000000e+00 0.00000000e+00]]


Window Size: 12
[[8.00835565e-01 4.27423674e-02 3.25656133e-02 7.00589181e-02
  3.36368506e-03 1.53615426e-02 2.95661489e-02 1.71397965e-04
  0.00000000e+00 5.33476165e-03 0.00000000e+00]
 [2.27899829e-02 6.64332367e-01 6.57678740e-02 1.96814641e-01
  6.40913695e-03 0.00000000e+00 3.39841431e-02 3.49271768e-05
  0.00000000e+00 9.86692746e-03 0.00000000e+00]
 [1.00589035e-01 5.43724513e-02 6.18939737e-01 1.14635251e-01
  0.00000000e+00 5.43724513e-03 9.74173086e-02 0.00000000e+00
  0.00000000e+00 8.60897145e-03 0.00000000e+00]
 [1.25612745e-02 1.02022059e-01 3.15563725e-02 6.55024510e-01
  1.83823529e-02 0.00000000e+00 1.79840686e-01 6.12745098e-04
  0.00000000e+00 0.00000000e+00 0.00000000e+00]
 [7.84067743e-03 2.00878156e-01 2.16402697e-02 9.92629763e-02
  4.72636036e-01 0.00000000e+00 1.97741885e-01 0.00000000e+00
  0.00000000e+00 0.00000000e+00 0.00000000e+00]
 [7.50000000e-01 0.00000000e+00 2.50000000e-01 0.00000000e+00
  0.00000000e+00 0.00000000e+00 0.00000000e+00 0.00000000e+00
  0.00000000e+00 0.00000000e+00 0.00000000e+00]
 [0.00000000e+00 0.00000000e+00 0.00000000e+00 3.12500000e-02
  9.37500000e-02 0.00000000e+00 8.75000000e-01 0.00000000e+00
  0.00000000e+00 0.00000000e+00 0.00000000e+00]
 [0.00000000e+00 4.06250000e-01 4.32692308e-02 1.37019231e-01
  3.72596154e-01 0.00000000e+00 0.00000000e+00 4.08653846e-02
  0.00000000e+00 0.00000000e+00 0.00000000e+00]
 [5.29247911e-02 1.42061281e-01 1.94986072e-02 4.93036212e-01
  2.47910864e-01 0.00000000e+00 4.17827298e-02 0.00000000e+00
  0.00000000e+00 2.78551532e-03 0.00000000e+00]
 [0.00000000e+00 0.00000000e+00 0.00000000e+00 0.00000000e+00
  0.00000000e+00 0.00000000e+00 0.00000000e+00 0.00000000e+00
  0.00000000e+00 0.00000000e+00 0.00000000e+00]
 [0.00000000e+00 6.74846626e-02 0.00000000e+00 8.34355828e-01
  6.74846626e-02 0.00000000e+00 3.06748466e-02 0.00000000e+00
  0.00000000e+00 0.00000000e+00 0.00000000e+00]]


Window Size: 19
[[8.28859132e-01 4.97054097e-02 2.50241028e-02 5.43545795e-02
  1.70755222e-02 1.84681307e-02 0.00000000e+00 3.85645420e-04
  0.00000000e+00 6.12747724e-03 0.00000000e+00]
 [8.71364946e-02 6.90227928e-01 9.62361366e-03 1.76333945e-01
  2.73513230e-02 0.00000000e+00 0.00000000e+00 0.00000000e+00
  0.00000000e+00 9.32669636e-03 0.00000000e+00]
 [1.25962845e-01 7.20434980e-02 6.42048029e-01 1.11010421e-01
  3.39827821e-02 5.89034889e-03 0.00000000e+00 0.00000000e+00
  0.00000000e+00 9.06207522e-03 0.00000000e+00]
 [5.91299020e-02 1.46446078e-01 3.06372549e-04 6.85968137e-01
  1.08149510e-01 0.00000000e+00 0.00000000e+00 0.00000000e+00
  0.00000000e+00 0.00000000e+00 0.00000000e+00]
 [3.23035910e-02 2.12011918e-01 0.00000000e+00 8.31111808e-02
  6.71789243e-01 0.00000000e+00 0.00000000e+00 7.84067743e-04
  0.00000000e+00 0.00000000e+00 0.00000000e+00]
 [5.00000000e-01 0.00000000e+00 5.00000000e-01 0.00000000e+00
  0.00000000e+00 0.00000000e+00 0.00000000e+00 0.00000000e+00
  0.00000000e+00 0.00000000e+00 0.00000000e+00]
 [0.00000000e+00 0.00000000e+00 0.00000000e+00 0.00000000e+00
  1.00000000e+00 0.00000000e+00 0.00000000e+00 0.00000000e+00
  0.00000000e+00 0.00000000e+00 0.00000000e+00]
 [4.32692308e-02 4.44711538e-01 0.00000000e+00 1.44230769e-01
  3.24519231e-01 0.00000000e+00 0.00000000e+00 4.32692308e-02
  0.00000000e+00 0.00000000e+00 0.00000000e+00]
 [1.14206128e-01 1.28133705e-01 0.00000000e+00 5.43175487e-01
  2.11699164e-01 0.00000000e+00 0.00000000e+00 2.78551532e-03
  0.00000000e+00 0.00000000e+00 0.00000000e+00]
 [0.00000000e+00 0.00000000e+00 0.00000000e+00 0.00000000e+00
  0.00000000e+00 0.00000000e+00 0.00000000e+00 0.00000000e+00
  0.00000000e+00 0.00000000e+00 0.00000000e+00]
 [0.00000000e+00 0.00000000e+00 0.00000000e+00 1.00000000e+00
  0.00000000e+00 0.00000000e+00 0.00000000e+00 0.00000000e+00
  0.00000000e+00 0.00000000e+00 0.00000000e+00]]


