Window Size: 5
[[1.         0.         0.         0.         0.        ]
 [0.16666667 0.29166667 0.25       0.04166667 0.25      ]
 [0.         0.00746269 0.99253731 0.         0.        ]
 [0.2        0.         0.35       0.2        0.25      ]
 [0.19047619 0.         0.04761905 0.0952381  0.66666667]]


Window Size: 12
[[1.         0.         0.         0.         0.        ]
 [0.08333333 0.33333333 0.20833333 0.125      0.25      ]
 [0.         0.         0.99253731 0.00746269 0.        ]
 [0.1        0.         0.3        0.3        0.3       ]
 [0.19047619 0.         0.         0.0952381  0.71428571]]


Window Size: 19
[[1.         0.         0.         0.         0.        ]
 [0.08333333 0.45833333 0.08333333 0.125      0.25      ]
 [0.         0.         0.99253731 0.00746269 0.        ]
 [0.05       0.         0.3        0.5        0.15      ]
 [0.19047619 0.         0.         0.0952381  0.71428571]]


