Window Size: 5
[[9.15381795e-01 7.05442735e-03 5.44797360e-03 1.45977754e-02
  7.33381061e-04 1.57153085e-04 1.74614538e-03 1.45279296e-02
  1.46326983e-02 1.27468613e-03 2.44460354e-02]
 [8.15586769e-03 8.55006797e-01 3.17172633e-03 2.26551880e-03
  8.24648845e-02 0.00000000e+00 4.53103761e-03 7.70276393e-03
  2.71862256e-03 0.00000000e+00 3.39827821e-02]
 [6.12745098e-03 0.00000000e+00 9.20036765e-01 3.06372549e-03
  3.06372549e-03 0.00000000e+00 2.45098039e-03 2.23651961e-02
  1.22549020e-03 4.01348039e-02 1.53186275e-03]
 [1.25450839e-03 3.13627097e-04 4.70440646e-04 8.69217500e-01
  0.00000000e+00 1.08671789e-01 3.13627097e-04 0.00000000e+00
  1.88176258e-02 3.13627097e-04 6.27254195e-04]
 [0.00000000e+00 0.00000000e+00 0.00000000e+00 0.00000000e+00
  0.00000000e+00 0.00000000e+00 0.00000000e+00 0.00000000e+00
  0.00000000e+00 0.00000000e+00 1.00000000e+00]
 [0.00000000e+00 0.00000000e+00 0.00000000e+00 0.00000000e+00
  0.00000000e+00 1.00000000e+00 0.00000000e+00 0.00000000e+00
  0.00000000e+00 0.00000000e+00 0.00000000e+00]
 [0.00000000e+00 0.00000000e+00 2.40384615e-03 0.00000000e+00
  0.00000000e+00 0.00000000e+00 9.59134615e-01 3.12500000e-02
  2.40384615e-03 0.00000000e+00 4.80769231e-03]
 [5.57103064e-03 0.00000000e+00 4.17827298e-02 0.00000000e+00
  0.00000000e+00 0.00000000e+00 3.03621170e-01 6.21169916e-01
  8.35654596e-03 0.00000000e+00 1.94986072e-02]
 [0.00000000e+00 0.00000000e+00 0.00000000e+00 0.00000000e+00
  0.00000000e+00 0.00000000e+00 0.00000000e+00 0.00000000e+00
  0.00000000e+00 0.00000000e+00 0.00000000e+00]
 [3.06748466e-02 0.00000000e+00 6.13496933e-03 0.00000000e+00
  0.00000000e+00 0.00000000e+00 0.00000000e+00 0.00000000e+00
  0.00000000e+00 9.63190184e-01 0.00000000e+00]
 [2.36100696e-02 4.68344938e-02 4.62774505e-03 1.17836101e-03
  4.80985538e-02 6.42742367e-05 4.77771826e-03 1.79967863e-02
  2.38457418e-02 1.15693626e-03 8.27809320e-01]]


Window Size: 12
[[9.06622193e-01 7.50934302e-03 6.95050819e-03 1.04432259e-02
  7.16007125e-04 8.73179421e-05 3.44032692e-03 1.15783591e-02
  1.78303238e-02 1.41455066e-03 3.34078446e-02]
 [6.79655641e-03 8.27820571e-01 0.00000000e+00 0.00000000e+00
  1.14182148e-01 0.00000000e+00 6.79655641e-03 1.13275940e-02
  2.26551880e-03 0.00000000e+00 3.08110557e-02]
 [1.50122549e-02 3.06372549e-04 8.95833333e-01 0.00000000e+00
  1.53186275e-03 0.00000000e+00 6.43382353e-03 2.94117647e-02
  6.12745098e-04 4.65686275e-02 4.28921569e-03]
 [1.05065078e-02 0.00000000e+00 0.00000000e+00 6.80727615e-01
  0.00000000e+00 2.85087032e-01 3.13627097e-04 3.13627097e-04
  2.19538968e-02 0.00000000e+00 1.09769484e-03]
 [0.00000000e+00 0.00000000e+00 0.00000000e+00 0.00000000e+00
  7.50000000e-01 0.00000000e+00 0.00000000e+00 0.00000000e+00
  0.00000000e+00 0.00000000e+00 2.50000000e-01]
 [0.00000000e+00 0.00000000e+00 0.00000000e+00 1.04166667e-02
  0.00000000e+00 9.89583333e-01 0.00000000e+00 0.00000000e+00
  0.00000000e+00 0.00000000e+00 0.00000000e+00]
 [0.00000000e+00 0.00000000e+00 0.00000000e+00 0.00000000e+00
  0.00000000e+00 0.00000000e+00 8.41346154e-01 1.58653846e-01
  0.00000000e+00 0.00000000e+00 0.00000000e+00]
 [1.22562674e-01 5.57103064e-03 7.79944290e-02 0.00000000e+00
  0.00000000e+00 0.00000000e+00 2.45125348e-01 4.70752089e-01
  0.00000000e+00 2.78551532e-03 7.52089136e-02]
 [0.00000000e+00 0.00000000e+00 0.00000000e+00 0.00000000e+00
  0.00000000e+00 0.00000000e+00 0.00000000e+00 0.00000000e+00
  0.00000000e+00 0.00000000e+00 0.00000000e+00]
 [6.74846626e-02 0.00000000e+00 4.29447853e-02 0.00000000e+00
  0.00000000e+00 0.00000000e+00 0.00000000e+00 0.00000000e+00
  0.00000000e+00 8.89570552e-01 0.00000000e+00]
 [2.74879486e-02 3.87145153e-02 6.12747724e-03 1.77825388e-03
  1.12801285e-01 5.78468131e-04 6.96304231e-03 2.35243706e-02
  2.34815212e-02 2.39957151e-03 7.56143546e-01]]


Window Size: 19
[[8.95135796e-01 8.27875295e-03 8.10409571e-03 1.08636800e-02
  2.96917300e-03 8.73286176e-05 3.75513056e-03 1.35534014e-02
  1.86184613e-02 1.30992926e-03 3.73242512e-02]
 [0.00000000e+00 8.09243317e-01 0.00000000e+00 0.00000000e+00
  1.44086996e-01 0.00000000e+00 5.43724513e-03 1.94834617e-02
  4.53103761e-03 0.00000000e+00 1.72179429e-02]
 [2.75735294e-02 1.22549020e-03 8.70404412e-01 0.00000000e+00
  2.75735294e-03 0.00000000e+00 6.12745098e-03 3.61519608e-02
  3.06372549e-04 4.99387255e-02 5.51470588e-03]
 [1.28587110e-02 0.00000000e+00 0.00000000e+00 5.22345931e-01
  0.00000000e+00 4.37509801e-01 3.13627097e-04 3.13627097e-04
  2.03857613e-02 0.00000000e+00 6.27254195e-03]
 [0.00000000e+00 0.00000000e+00 0.00000000e+00 0.00000000e+00
  1.00000000e+00 0.00000000e+00 0.00000000e+00 0.00000000e+00
  0.00000000e+00 0.00000000e+00 0.00000000e+00]
 [0.00000000e+00 0.00000000e+00 0.00000000e+00 1.04166667e-02
  0.00000000e+00 9.89583333e-01 0.00000000e+00 0.00000000e+00
  0.00000000e+00 0.00000000e+00 0.00000000e+00]
 [0.00000000e+00 0.00000000e+00 3.12500000e-02 0.00000000e+00
  0.00000000e+00 0.00000000e+00 7.11538462e-01 2.50000000e-01
  0.00000000e+00 0.00000000e+00 7.21153846e-03]
 [1.89415042e-01 2.50696379e-02 8.35654596e-02 0.00000000e+00
  0.00000000e+00 0.00000000e+00 2.25626741e-01 3.62116992e-01
  0.00000000e+00 2.78551532e-03 1.11420613e-01]
 [0.00000000e+00 0.00000000e+00 0.00000000e+00 0.00000000e+00
  0.00000000e+00 0.00000000e+00 0.00000000e+00 0.00000000e+00
  0.00000000e+00 0.00000000e+00 0.00000000e+00]
 [8.58895706e-02 0.00000000e+00 8.58895706e-02 0.00000000e+00
  0.00000000e+00 0.00000000e+00 0.00000000e+00 0.00000000e+00
  0.00000000e+00 8.28220859e-01 0.00000000e+00]
 [3.16014997e-02 3.08087841e-02 8.59132298e-03 2.82806642e-03
  2.04199250e-01 9.42688806e-04 1.04552758e-02 2.54525978e-02
  2.41242635e-02 2.97803964e-03 6.58018211e-01]]


