Window Size: 5
[[8.89119768e-01 1.15070981e-02 2.35205783e-02 1.81249891e-02
  8.90534146e-03 1.57153085e-04 2.20014318e-03 1.36897798e-02
  1.83694494e-02 1.34453195e-03 1.30611675e-02]
 [1.13275940e-02 8.27367467e-01 6.79655641e-03 4.07793385e-03
  1.19166289e-01 0.00000000e+00 4.53103761e-03 8.60897145e-03
  3.17172633e-03 0.00000000e+00 1.49524241e-02]
 [6.74019608e-03 0.00000000e+00 8.30575980e-01 3.37009804e-03
  3.37009804e-03 0.00000000e+00 2.45098039e-03 2.17524510e-02
  1.83823529e-03 1.28982843e-01 9.19117647e-04]
 [4.70440646e-04 4.70440646e-04 7.84067743e-04 8.43970519e-01
  0.00000000e+00 1.31723381e-01 3.13627097e-04 0.00000000e+00
  2.19538968e-02 0.00000000e+00 3.13627097e-04]
 [0.00000000e+00 0.00000000e+00 0.00000000e+00 0.00000000e+00
  0.00000000e+00 0.00000000e+00 0.00000000e+00 0.00000000e+00
  0.00000000e+00 0.00000000e+00 1.00000000e+00]
 [0.00000000e+00 0.00000000e+00 0.00000000e+00 0.00000000e+00
  0.00000000e+00 1.00000000e+00 0.00000000e+00 0.00000000e+00
  0.00000000e+00 0.00000000e+00 0.00000000e+00]
 [0.00000000e+00 0.00000000e+00 2.40384615e-03 0.00000000e+00
  0.00000000e+00 0.00000000e+00 9.51923077e-01 3.60576923e-02
  9.61538462e-03 0.00000000e+00 0.00000000e+00]
 [5.57103064e-03 2.78551532e-03 4.17827298e-02 0.00000000e+00
  0.00000000e+00 0.00000000e+00 3.09192201e-01 6.01671309e-01
  1.39275766e-02 0.00000000e+00 2.50696379e-02]
 [0.00000000e+00 0.00000000e+00 0.00000000e+00 0.00000000e+00
  0.00000000e+00 0.00000000e+00 0.00000000e+00 0.00000000e+00
  0.00000000e+00 0.00000000e+00 0.00000000e+00]
 [3.06748466e-02 0.00000000e+00 6.74846626e-02 0.00000000e+00
  0.00000000e+00 0.00000000e+00 0.00000000e+00 0.00000000e+00
  0.00000000e+00 9.01840491e-01 0.00000000e+00]
 [1.94750937e-02 5.31547938e-02 7.02731655e-03 1.09266202e-03
  7.26877343e-01 4.28494912e-05 5.31333690e-03 1.65827531e-02
  2.92019282e-02 1.24263524e-03 1.39989288e-01]]


Window Size: 12
[[8.99112850e-01 1.28706647e-02 7.17753484e-03 1.22245119e-02
  1.26785652e-02 1.04781531e-04 6.61870001e-03 7.96339632e-03
  2.38727254e-02 1.43201425e-03 1.59442562e-02]
 [1.40462166e-02 7.96103308e-01 0.00000000e+00 0.00000000e+00
  1.63570458e-01 0.00000000e+00 1.08744903e-02 4.98414137e-03
  3.62483009e-03 0.00000000e+00 6.79655641e-03]
 [1.89950980e-02 3.06372549e-04 7.91973039e-01 0.00000000e+00
  3.98284314e-03 0.00000000e+00 7.35294118e-03 2.63480392e-02
  6.12745098e-04 1.47671569e-01 2.75735294e-03]
 [1.05065078e-02 0.00000000e+00 0.00000000e+00 6.43405990e-01
  0.00000000e+00 3.17861063e-01 3.13627097e-04 3.13627097e-04
  2.75991846e-02 0.00000000e+00 0.00000000e+00]
 [0.00000000e+00 0.00000000e+00 0.00000000e+00 0.00000000e+00
  1.00000000e+00 0.00000000e+00 0.00000000e+00 0.00000000e+00
  0.00000000e+00 0.00000000e+00 0.00000000e+00]
 [0.00000000e+00 0.00000000e+00 0.00000000e+00 5.20833333e-03
  0.00000000e+00 9.94791667e-01 0.00000000e+00 0.00000000e+00
  0.00000000e+00 0.00000000e+00 0.00000000e+00]
 [0.00000000e+00 0.00000000e+00 4.80769231e-03 0.00000000e+00
  0.00000000e+00 0.00000000e+00 8.22115385e-01 1.73076923e-01
  0.00000000e+00 0.00000000e+00 0.00000000e+00]
 [2.14484680e-01 5.57103064e-03 8.07799443e-02 0.00000000e+00
  0.00000000e+00 0.00000000e+00 2.78551532e-01 3.11977716e-01
  1.39275766e-02 0.00000000e+00 9.47075209e-02]
 [0.00000000e+00 0.00000000e+00 0.00000000e+00 0.00000000e+00
  0.00000000e+00 0.00000000e+00 0.00000000e+00 0.00000000e+00
  0.00000000e+00 0.00000000e+00 0.00000000e+00]
 [6.74846626e-02 0.00000000e+00 5.52147239e-02 0.00000000e+00
  0.00000000e+00 0.00000000e+00 0.00000000e+00 0.00000000e+00
  0.00000000e+00 8.77300613e-01 0.00000000e+00]
 [2.54311730e-02 4.22710230e-02 6.10605249e-03 1.60685592e-03
  7.48066417e-01 6.64167113e-04 8.50562400e-03 2.06534547e-02
  3.01231923e-02 2.69951794e-03 1.13872523e-01]]


Window Size: 19
[[8.86525194e-01 1.34311414e-02 8.57567025e-03 1.34486071e-02
  2.02253078e-02 1.04794341e-04 8.85512182e-03 8.29621867e-03
  2.33342066e-02 1.37979216e-03 1.58239455e-02]
 [6.34345265e-03 7.64386044e-01 0.00000000e+00 0.00000000e+00
  1.94381513e-01 0.00000000e+00 1.72179429e-02 7.70276393e-03
  4.98414137e-03 0.00000000e+00 4.98414137e-03]
 [3.24754902e-02 1.22549020e-03 7.45404412e-01 0.00000000e+00
  5.51470588e-03 0.00000000e+00 8.27205882e-03 3.21691176e-02
  9.19117647e-04 1.71262255e-01 2.75735294e-03]
 [1.25450839e-02 0.00000000e+00 0.00000000e+00 4.85651560e-01
  0.00000000e+00 4.69813392e-01 7.84067743e-04 0.00000000e+00
  3.10490826e-02 0.00000000e+00 1.56813549e-04]
 [0.00000000e+00 0.00000000e+00 0.00000000e+00 0.00000000e+00
  1.00000000e+00 0.00000000e+00 0.00000000e+00 0.00000000e+00
  0.00000000e+00 0.00000000e+00 0.00000000e+00]
 [0.00000000e+00 0.00000000e+00 0.00000000e+00 1.04166667e-02
  0.00000000e+00 9.89583333e-01 0.00000000e+00 0.00000000e+00
  0.00000000e+00 0.00000000e+00 0.00000000e+00]
 [0.00000000e+00 0.00000000e+00 4.08653846e-02 0.00000000e+00
  0.00000000e+00 0.00000000e+00 6.82692308e-01 2.69230769e-01
  0.00000000e+00 0.00000000e+00 7.21153846e-03]
 [3.11977716e-01 3.62116992e-02 8.63509749e-02 0.00000000e+00
  0.00000000e+00 0.00000000e+00 2.20055710e-01 1.92200557e-01
  0.00000000e+00 2.78551532e-03 1.50417827e-01]
 [0.00000000e+00 0.00000000e+00 0.00000000e+00 0.00000000e+00
  0.00000000e+00 0.00000000e+00 0.00000000e+00 0.00000000e+00
  0.00000000e+00 0.00000000e+00 0.00000000e+00]
 [8.58895706e-02 0.00000000e+00 9.81595092e-02 0.00000000e+00
  0.00000000e+00 0.00000000e+00 0.00000000e+00 0.00000000e+00
  0.00000000e+00 8.15950920e-01 0.00000000e+00]
 [3.04659882e-02 3.46866631e-02 8.82699518e-03 2.44242100e-03
  7.40996251e-01 1.04981253e-03 1.30262453e-02 1.98178897e-02
  3.17943224e-02 3.40653455e-03 1.13486877e-01]]


