Window Size: 5
[[6.69018142e-01 8.73072692e-05 1.04768723e-04 7.33381061e-04
  0.00000000e+00 1.74614538e-05 1.57153085e-04 3.49229077e-05
  0.00000000e+00 0.00000000e+00 3.29846863e-01]
 [1.81241504e-03 9.20253738e-01 4.53103761e-04 4.53103761e-04
  0.00000000e+00 0.00000000e+00 0.00000000e+00 0.00000000e+00
  0.00000000e+00 0.00000000e+00 7.70276393e-02]
 [3.06372549e-03 0.00000000e+00 9.86825980e-01 3.06372549e-04
  0.00000000e+00 0.00000000e+00 1.22549020e-03 3.06372549e-03
  0.00000000e+00 0.00000000e+00 5.51470588e-03]
 [5.17484711e-03 0.00000000e+00 0.00000000e+00 7.60232084e-01
  0.00000000e+00 3.29308452e-03 1.56813549e-04 0.00000000e+00
  0.00000000e+00 0.00000000e+00 2.31143171e-01]
 [0.00000000e+00 0.00000000e+00 0.00000000e+00 0.00000000e+00
  0.00000000e+00 0.00000000e+00 0.00000000e+00 0.00000000e+00
  0.00000000e+00 0.00000000e+00 1.00000000e+00]
 [0.00000000e+00 0.00000000e+00 0.00000000e+00 1.09375000e-01
  0.00000000e+00 8.90625000e-01 0.00000000e+00 0.00000000e+00
  0.00000000e+00 0.00000000e+00 0.00000000e+00]
 [0.00000000e+00 0.00000000e+00 0.00000000e+00 0.00000000e+00
  0.00000000e+00 0.00000000e+00 5.69711538e-01 8.41346154e-02
  0.00000000e+00 0.00000000e+00 3.46153846e-01]
 [9.19220056e-02 0.00000000e+00 1.67130919e-02 0.00000000e+00
  0.00000000e+00 0.00000000e+00 3.89972145e-02 7.85515320e-01
  0.00000000e+00 2.78551532e-03 6.40668524e-02]
 [0.00000000e+00 0.00000000e+00 0.00000000e+00 0.00000000e+00
  0.00000000e+00 0.00000000e+00 0.00000000e+00 0.00000000e+00
  0.00000000e+00 0.00000000e+00 0.00000000e+00]
 [1.22699387e-02 0.00000000e+00 0.00000000e+00 0.00000000e+00
  0.00000000e+00 7.36196319e-02 0.00000000e+00 1.84049080e-02
  0.00000000e+00 5.39877301e-01 3.55828221e-01]
 [2.96089984e-02 4.98982325e-02 8.67702196e-03 2.06534547e-02
  0.00000000e+00 0.00000000e+00 7.49866095e-04 2.35672201e-04
  0.00000000e+00 5.14193894e-04 8.89662560e-01]]


Window Size: 12
[[7.99867277e-01 2.09563061e-04 2.79417415e-04 1.50186860e-03
  0.00000000e+00 1.74635884e-05 3.49271768e-04 1.74635884e-05
  0.00000000e+00 1.74635884e-05 1.97740212e-01]
 [1.81241504e-03 9.17988219e-01 4.53103761e-04 4.53103761e-04
  0.00000000e+00 0.00000000e+00 9.06207522e-04 4.53103761e-03
  0.00000000e+00 0.00000000e+00 7.38559130e-02]
 [3.98284314e-03 0.00000000e+00 9.78247549e-01 3.06372549e-04
  0.00000000e+00 0.00000000e+00 4.28921569e-03 8.27205882e-03
  0.00000000e+00 0.00000000e+00 4.90196078e-03]
 [5.17484711e-03 0.00000000e+00 0.00000000e+00 7.80931472e-01
  0.00000000e+00 3.29308452e-03 1.56813549e-04 0.00000000e+00
  0.00000000e+00 0.00000000e+00 2.10443782e-01]
 [0.00000000e+00 2.50000000e-01 0.00000000e+00 0.00000000e+00
  7.50000000e-01 0.00000000e+00 0.00000000e+00 0.00000000e+00
  0.00000000e+00 0.00000000e+00 0.00000000e+00]
 [0.00000000e+00 0.00000000e+00 0.00000000e+00 1.30208333e-01
  0.00000000e+00 8.69791667e-01 0.00000000e+00 0.00000000e+00
  0.00000000e+00 0.00000000e+00 0.00000000e+00]
 [0.00000000e+00 0.00000000e+00 0.00000000e+00 0.00000000e+00
  0.00000000e+00 0.00000000e+00 7.52403846e-01 1.08173077e-01
  0.00000000e+00 0.00000000e+00 1.39423077e-01]
 [8.63509749e-02 1.11420613e-02 1.94986072e-02 0.00000000e+00
  0.00000000e+00 0.00000000e+00 6.12813370e-02 7.68802228e-01
  0.00000000e+00 2.78551532e-03 5.01392758e-02]
 [0.00000000e+00 0.00000000e+00 0.00000000e+00 0.00000000e+00
  0.00000000e+00 0.00000000e+00 0.00000000e+00 0.00000000e+00
  0.00000000e+00 0.00000000e+00 0.00000000e+00]
 [1.22699387e-02 0.00000000e+00 0.00000000e+00 0.00000000e+00
  0.00000000e+00 3.06748466e-02 0.00000000e+00 0.00000000e+00
  0.00000000e+00 6.99386503e-01 2.57668712e-01]
 [6.33529727e-02 4.54633101e-02 7.17728977e-03 1.90251741e-02
  0.00000000e+00 0.00000000e+00 4.15640064e-03 2.35672201e-04
  6.42742367e-05 4.28494912e-04 8.60096411e-01]]


Window Size: 19
[[8.48921492e-01 2.09588682e-04 2.96917300e-04 1.86883242e-03
  0.00000000e+00 0.00000000e+00 4.19177364e-04 1.74657235e-05
  0.00000000e+00 1.74657235e-05 1.48249061e-01]
 [1.81241504e-03 9.13457182e-01 4.53103761e-04 4.53103761e-04
  0.00000000e+00 0.00000000e+00 9.06207522e-04 1.08744903e-02
  0.00000000e+00 0.00000000e+00 7.20434980e-02]
 [3.98284314e-03 3.06372549e-04 9.72732843e-01 0.00000000e+00
  0.00000000e+00 0.00000000e+00 8.57843137e-03 9.49754902e-03
  0.00000000e+00 0.00000000e+00 4.90196078e-03]
 [5.48847420e-03 0.00000000e+00 0.00000000e+00 7.81872354e-01
  0.00000000e+00 3.29308452e-03 1.56813549e-04 0.00000000e+00
  0.00000000e+00 0.00000000e+00 2.09189274e-01]
 [0.00000000e+00 2.50000000e-01 0.00000000e+00 0.00000000e+00
  7.50000000e-01 0.00000000e+00 0.00000000e+00 0.00000000e+00
  0.00000000e+00 0.00000000e+00 0.00000000e+00]
 [0.00000000e+00 0.00000000e+00 0.00000000e+00 1.09375000e-01
  0.00000000e+00 8.90625000e-01 0.00000000e+00 0.00000000e+00
  0.00000000e+00 0.00000000e+00 0.00000000e+00]
 [0.00000000e+00 0.00000000e+00 0.00000000e+00 0.00000000e+00
  0.00000000e+00 0.00000000e+00 7.16346154e-01 1.17788462e-01
  0.00000000e+00 0.00000000e+00 1.65865385e-01]
 [8.63509749e-02 1.11420613e-02 1.94986072e-02 0.00000000e+00
  0.00000000e+00 0.00000000e+00 6.12813370e-02 7.66016713e-01
  0.00000000e+00 2.78551532e-03 5.29247911e-02]
 [0.00000000e+00 0.00000000e+00 0.00000000e+00 0.00000000e+00
  0.00000000e+00 0.00000000e+00 0.00000000e+00 0.00000000e+00
  0.00000000e+00 0.00000000e+00 0.00000000e+00]
 [1.22699387e-02 0.00000000e+00 0.00000000e+00 0.00000000e+00
  0.00000000e+00 0.00000000e+00 0.00000000e+00 0.00000000e+00
  0.00000000e+00 8.71165644e-01 1.16564417e-01]
 [6.75736476e-02 4.37493305e-02 7.15586502e-03 1.81253348e-02
  2.14247456e-05 0.00000000e+00 7.58435994e-03 0.00000000e+00
  8.56989823e-05 5.35618640e-04 8.55168720e-01]]


