Window Size: 5
[[7.71866106e-01 8.55611238e-04 1.04768723e-04 6.46073792e-04
  0.00000000e+00 1.74614538e-05 1.92075992e-04 5.23843615e-05
  4.19074892e-04 0.00000000e+00 2.25846444e-01]
 [4.53103761e-04 9.13910285e-01 4.53103761e-04 0.00000000e+00
  0.00000000e+00 4.53103761e-04 0.00000000e+00 0.00000000e+00
  0.00000000e+00 0.00000000e+00 8.47304033e-02]
 [3.37009804e-03 0.00000000e+00 9.86825980e-01 3.06372549e-04
  0.00000000e+00 0.00000000e+00 1.53186275e-03 3.37009804e-03
  0.00000000e+00 0.00000000e+00 4.59558824e-03]
 [5.33166066e-03 0.00000000e+00 0.00000000e+00 7.47843814e-01
  0.00000000e+00 6.85275208e-02 1.56813549e-04 0.00000000e+00
  0.00000000e+00 0.00000000e+00 1.78140191e-01]
 [0.00000000e+00 0.00000000e+00 0.00000000e+00 0.00000000e+00
  0.00000000e+00 0.00000000e+00 0.00000000e+00 0.00000000e+00
  0.00000000e+00 0.00000000e+00 1.00000000e+00]
 [0.00000000e+00 0.00000000e+00 0.00000000e+00 3.12500000e-02
  0.00000000e+00 9.68750000e-01 0.00000000e+00 0.00000000e+00
  0.00000000e+00 0.00000000e+00 0.00000000e+00]
 [0.00000000e+00 0.00000000e+00 0.00000000e+00 0.00000000e+00
  0.00000000e+00 0.00000000e+00 5.76923077e-01 8.41346154e-02
  0.00000000e+00 0.00000000e+00 3.38942308e-01]
 [9.19220056e-02 0.00000000e+00 1.67130919e-02 0.00000000e+00
  0.00000000e+00 0.00000000e+00 4.73537604e-02 7.88300836e-01
  0.00000000e+00 2.78551532e-03 5.29247911e-02]
 [0.00000000e+00 0.00000000e+00 0.00000000e+00 0.00000000e+00
  0.00000000e+00 0.00000000e+00 0.00000000e+00 0.00000000e+00
  0.00000000e+00 0.00000000e+00 0.00000000e+00]
 [1.22699387e-02 0.00000000e+00 0.00000000e+00 0.00000000e+00
  0.00000000e+00 7.36196319e-02 0.00000000e+00 1.84049080e-02
  0.00000000e+00 8.95705521e-01 0.00000000e+00]
 [3.77075522e-02 4.63202999e-02 6.62024638e-03 4.86341725e-03
  0.00000000e+00 1.06052491e-02 8.14140332e-04 2.57096947e-04
  2.57096947e-04 4.28494912e-04 8.92126406e-01]]


Window Size: 12
[[9.60794244e-01 1.97338549e-03 2.11309420e-03 4.45321505e-03
  0.00000000e+00 3.31808180e-04 5.41371241e-04 2.96881003e-04
  1.30976913e-03 1.74635884e-05 2.81687681e-02]
 [9.06207522e-04 8.94879928e-01 0.00000000e+00 0.00000000e+00
  0.00000000e+00 0.00000000e+00 9.06207522e-04 4.53103761e-03
  3.62483009e-03 0.00000000e+00 9.51517898e-02]
 [3.67647059e-03 0.00000000e+00 9.78860294e-01 3.06372549e-04
  0.00000000e+00 0.00000000e+00 4.28921569e-03 9.19117647e-03
  0.00000000e+00 0.00000000e+00 3.67647059e-03]
 [6.11572840e-03 0.00000000e+00 0.00000000e+00 7.48941509e-01
  0.00000000e+00 1.61204328e-01 1.56813549e-04 0.00000000e+00
  0.00000000e+00 0.00000000e+00 8.35816215e-02]
 [0.00000000e+00 0.00000000e+00 0.00000000e+00 0.00000000e+00
  5.00000000e-01 0.00000000e+00 0.00000000e+00 0.00000000e+00
  0.00000000e+00 0.00000000e+00 5.00000000e-01]
 [0.00000000e+00 0.00000000e+00 0.00000000e+00 4.68750000e-02
  0.00000000e+00 9.47916667e-01 0.00000000e+00 0.00000000e+00
  0.00000000e+00 5.20833333e-03 0.00000000e+00]
 [0.00000000e+00 0.00000000e+00 0.00000000e+00 0.00000000e+00
  0.00000000e+00 0.00000000e+00 8.91826923e-01 1.08173077e-01
  0.00000000e+00 0.00000000e+00 0.00000000e+00]
 [8.91364903e-02 5.57103064e-03 1.94986072e-02 0.00000000e+00
  0.00000000e+00 0.00000000e+00 7.52089136e-02 7.96657382e-01
  2.78551532e-03 2.78551532e-03 8.35654596e-03]
 [0.00000000e+00 0.00000000e+00 0.00000000e+00 0.00000000e+00
  0.00000000e+00 0.00000000e+00 0.00000000e+00 0.00000000e+00
  0.00000000e+00 0.00000000e+00 0.00000000e+00]
 [6.13496933e-03 0.00000000e+00 0.00000000e+00 0.00000000e+00
  0.00000000e+00 3.06748466e-02 0.00000000e+00 6.13496933e-03
  0.00000000e+00 9.57055215e-01 0.00000000e+00]
 [6.90948045e-02 4.19282271e-02 3.44938404e-03 3.64220675e-04
  0.00000000e+00 7.04874130e-03 1.07766470e-02 4.71344403e-04
  1.64970541e-03 2.14247456e-04 8.65002678e-01]]


Window Size: 19
[[9.43428522e-01 2.67225570e-03 4.12191075e-03 4.26163654e-03
  0.00000000e+00 5.23971706e-05 6.28766047e-04 2.23386604e-02
  1.24006637e-03 1.74657235e-05 2.12383198e-02]
 [9.06207522e-04 8.86270956e-01 0.00000000e+00 0.00000000e+00
  4.07793385e-03 0.00000000e+00 9.06207522e-04 1.08744903e-02
  4.53103761e-03 0.00000000e+00 9.24331672e-02]
 [1.83823529e-03 0.00000000e+00 9.73039216e-01 6.12745098e-04
  0.00000000e+00 0.00000000e+00 8.57843137e-03 1.37867647e-02
  0.00000000e+00 0.00000000e+00 2.14460784e-03]
 [6.89979614e-03 0.00000000e+00 0.00000000e+00 7.47216560e-01
  0.00000000e+00 1.81119649e-01 1.56813549e-04 1.09769484e-03
  0.00000000e+00 4.23396581e-03 5.92755214e-02]
 [0.00000000e+00 0.00000000e+00 0.00000000e+00 0.00000000e+00
  7.50000000e-01 0.00000000e+00 0.00000000e+00 0.00000000e+00
  0.00000000e+00 0.00000000e+00 2.50000000e-01]
 [0.00000000e+00 0.00000000e+00 0.00000000e+00 5.20833333e-03
  0.00000000e+00 9.94791667e-01 0.00000000e+00 0.00000000e+00
  0.00000000e+00 0.00000000e+00 0.00000000e+00]
 [0.00000000e+00 0.00000000e+00 0.00000000e+00 0.00000000e+00
  0.00000000e+00 0.00000000e+00 8.94230769e-01 1.05769231e-01
  0.00000000e+00 0.00000000e+00 0.00000000e+00]
 [1.11420613e-02 5.57103064e-03 1.94986072e-02 0.00000000e+00
  0.00000000e+00 0.00000000e+00 6.96378830e-02 8.91364903e-01
  0.00000000e+00 2.78551532e-03 0.00000000e+00]
 [0.00000000e+00 0.00000000e+00 0.00000000e+00 0.00000000e+00
  0.00000000e+00 0.00000000e+00 0.00000000e+00 0.00000000e+00
  0.00000000e+00 0.00000000e+00 0.00000000e+00]
 [6.13496933e-03 0.00000000e+00 0.00000000e+00 0.00000000e+00
  0.00000000e+00 0.00000000e+00 0.00000000e+00 6.13496933e-03
  0.00000000e+00 9.87730061e-01 0.00000000e+00]
 [5.30262453e-02 3.90787359e-02 4.92769148e-03 4.49919657e-04
  4.28494912e-05 3.36368506e-03 1.25549009e-02 2.05034815e-02
  1.88537761e-03 3.64220675e-04 8.63802892e-01]]


