Window Size: 5
[[3.49578306e-02 0.00000000e+00 0.00000000e+00 2.88113988e-03
  1.22230177e-03 2.01505177e-02 0.00000000e+00 0.00000000e+00
  0.00000000e+00 0.00000000e+00 9.40788210e-01]
 [2.71862256e-03 0.00000000e+00 0.00000000e+00 0.00000000e+00
  0.00000000e+00 0.00000000e+00 0.00000000e+00 0.00000000e+00
  0.00000000e+00 0.00000000e+00 9.97281377e-01]
 [1.74632353e-02 0.00000000e+00 0.00000000e+00 1.22549020e-03
  0.00000000e+00 1.83823529e-03 0.00000000e+00 0.00000000e+00
  0.00000000e+00 0.00000000e+00 9.79473039e-01]
 [1.42857143e-01 0.00000000e+00 0.00000000e+00 2.62349067e-01
  1.56813549e-04 1.23098636e-01 0.00000000e+00 0.00000000e+00
  0.00000000e+00 0.00000000e+00 4.71538341e-01]
 [1.00000000e+00 0.00000000e+00 0.00000000e+00 0.00000000e+00
  0.00000000e+00 0.00000000e+00 0.00000000e+00 0.00000000e+00
  0.00000000e+00 0.00000000e+00 0.00000000e+00]
 [0.00000000e+00 0.00000000e+00 0.00000000e+00 2.08333333e-02
  0.00000000e+00 3.54166667e-01 0.00000000e+00 0.00000000e+00
  0.00000000e+00 0.00000000e+00 6.25000000e-01]
 [3.82211538e-01 0.00000000e+00 0.00000000e+00 2.35576923e-01
  0.00000000e+00 0.00000000e+00 1.68269231e-02 0.00000000e+00
  0.00000000e+00 0.00000000e+00 3.65384615e-01]
 [4.15041783e-01 0.00000000e+00 0.00000000e+00 7.52089136e-02
  0.00000000e+00 0.00000000e+00 0.00000000e+00 0.00000000e+00
  0.00000000e+00 0.00000000e+00 5.09749304e-01]
 [0.00000000e+00 0.00000000e+00 0.00000000e+00 0.00000000e+00
  0.00000000e+00 0.00000000e+00 0.00000000e+00 0.00000000e+00
  0.00000000e+00 0.00000000e+00 0.00000000e+00]
 [4.90797546e-02 0.00000000e+00 0.00000000e+00 0.00000000e+00
  0.00000000e+00 0.00000000e+00 0.00000000e+00 0.00000000e+00
  0.00000000e+00 0.00000000e+00 9.50920245e-01]
 [7.22013926e-03 0.00000000e+00 0.00000000e+00 1.07123728e-03
  0.00000000e+00 1.07980718e-02 0.00000000e+00 0.00000000e+00
  0.00000000e+00 0.00000000e+00 9.80910552e-01]]


Window Size: 12
[[5.95857637e-02 0.00000000e+00 0.00000000e+00 3.84198945e-03
  2.96881003e-03 1.40057979e-02 0.00000000e+00 0.00000000e+00
  0.00000000e+00 0.00000000e+00 9.19597639e-01]
 [5.43724513e-03 0.00000000e+00 0.00000000e+00 0.00000000e+00
  0.00000000e+00 0.00000000e+00 0.00000000e+00 0.00000000e+00
  0.00000000e+00 0.00000000e+00 9.94562755e-01]
 [3.86029412e-02 0.00000000e+00 0.00000000e+00 7.35294118e-03
  0.00000000e+00 0.00000000e+00 0.00000000e+00 0.00000000e+00
  0.00000000e+00 0.00000000e+00 9.54044118e-01]
 [1.90214835e-01 0.00000000e+00 0.00000000e+00 3.69609534e-01
  6.27254195e-04 5.01803356e-02 0.00000000e+00 0.00000000e+00
  0.00000000e+00 0.00000000e+00 3.89368041e-01]
 [0.00000000e+00 0.00000000e+00 0.00000000e+00 0.00000000e+00
  0.00000000e+00 0.00000000e+00 0.00000000e+00 0.00000000e+00
  0.00000000e+00 0.00000000e+00 1.00000000e+00]
 [0.00000000e+00 0.00000000e+00 0.00000000e+00 9.89583333e-02
  0.00000000e+00 2.50000000e-01 0.00000000e+00 0.00000000e+00
  0.00000000e+00 0.00000000e+00 6.51041667e-01]
 [6.08173077e-01 0.00000000e+00 0.00000000e+00 2.45192308e-01
  0.00000000e+00 0.00000000e+00 0.00000000e+00 0.00000000e+00
  0.00000000e+00 0.00000000e+00 1.46634615e-01]
 [3.39832869e-01 0.00000000e+00 0.00000000e+00 8.91364903e-02
  0.00000000e+00 0.00000000e+00 0.00000000e+00 0.00000000e+00
  0.00000000e+00 0.00000000e+00 5.71030641e-01]
 [0.00000000e+00 0.00000000e+00 0.00000000e+00 0.00000000e+00
  0.00000000e+00 0.00000000e+00 0.00000000e+00 0.00000000e+00
  0.00000000e+00 0.00000000e+00 0.00000000e+00]
 [1.34969325e-01 0.00000000e+00 0.00000000e+00 0.00000000e+00
  0.00000000e+00 0.00000000e+00 0.00000000e+00 0.00000000e+00
  0.00000000e+00 0.00000000e+00 8.65030675e-01]
 [2.60310659e-02 0.00000000e+00 0.00000000e+00 1.86395287e-03
  0.00000000e+00 7.90573112e-03 0.00000000e+00 0.00000000e+00
  0.00000000e+00 0.00000000e+00 9.64199250e-01]]


Window Size: 19
[[0.07360056 0.         0.         0.01006026 0.00213082 0.
  0.         0.         0.         0.         0.91420837]
 [0.01857725 0.         0.         0.         0.         0.
  0.         0.         0.         0.         0.98142275]
 [0.04932598 0.         0.         0.01378676 0.         0.
  0.         0.         0.         0.         0.93688725]
 [0.20871883 0.         0.         0.4536616  0.         0.
  0.         0.         0.         0.         0.33761957]
 [0.         0.         0.         0.         0.         0.
  0.         0.         0.         0.         1.        ]
 [0.06770833 0.         0.         0.50520833 0.         0.
  0.         0.         0.         0.         0.42708333]
 [0.65384615 0.         0.         0.18990385 0.         0.
  0.         0.         0.         0.         0.15625   ]
 [0.33147632 0.         0.         0.05013928 0.         0.
  0.         0.         0.         0.         0.6183844 ]
 [0.         0.         0.         0.         0.         0.
  0.         0.         0.         0.         0.        ]
 [0.2208589  0.         0.         0.         0.         0.
  0.         0.         0.         0.         0.7791411 ]
 [0.05058382 0.         0.         0.00651312 0.00280664 0.
  0.         0.         0.         0.         0.94009641]]


