Window Size: 5
[[6.36976375e-01 1.01101818e-02 2.51444935e-01 4.57490091e-03
  0.00000000e+00 6.18310080e-02 0.00000000e+00 1.39691631e-04
  1.59772303e-02 1.39691631e-04 1.88059858e-02]
 [9.06207522e-03 6.97326688e-01 1.28228364e-01 4.98414137e-03
  6.79655641e-03 4.84821024e-02 0.00000000e+00 0.00000000e+00
  1.04213865e-02 0.00000000e+00 9.46986860e-02]
 [1.59313725e-02 0.00000000e+00 6.95772059e-01 6.12745098e-03
  0.00000000e+00 2.76041667e-01 1.22549020e-03 1.22549020e-03
  0.00000000e+00 0.00000000e+00 3.67647059e-03]
 [1.25294025e-01 6.27254195e-04 1.87235377e-01 3.90622550e-01
  0.00000000e+00 2.93868590e-01 0.00000000e+00 3.13627097e-04
  0.00000000e+00 1.09769484e-03 9.40881292e-04]
 [0.00000000e+00 0.00000000e+00 5.00000000e-01 0.00000000e+00
  0.00000000e+00 0.00000000e+00 0.00000000e+00 0.00000000e+00
  0.00000000e+00 0.00000000e+00 5.00000000e-01]
 [0.00000000e+00 0.00000000e+00 5.20833333e-03 2.08333333e-02
  0.00000000e+00 9.73958333e-01 0.00000000e+00 0.00000000e+00
  0.00000000e+00 0.00000000e+00 0.00000000e+00]
 [1.12980769e-01 2.40384615e-03 3.36538462e-01 2.81250000e-01
  0.00000000e+00 3.36538462e-02 1.99519231e-01 3.12500000e-02
  0.00000000e+00 0.00000000e+00 2.40384615e-03]
 [6.68523677e-02 0.00000000e+00 6.07242340e-01 1.81058496e-01
  0.00000000e+00 7.79944290e-02 1.39275766e-02 3.34261838e-02
  8.35654596e-03 8.35654596e-03 2.78551532e-03]
 [0.00000000e+00 0.00000000e+00 0.00000000e+00 0.00000000e+00
  0.00000000e+00 0.00000000e+00 0.00000000e+00 0.00000000e+00
  0.00000000e+00 0.00000000e+00 0.00000000e+00]
 [2.45398773e-02 0.00000000e+00 8.77300613e-01 2.45398773e-02
  0.00000000e+00 7.36196319e-02 0.00000000e+00 0.00000000e+00
  0.00000000e+00 0.00000000e+00 0.00000000e+00]
 [1.47402250e-02 2.83235137e-02 1.28291377e-01 1.90680236e-03
  1.45259775e-02 4.09641136e-02 0.00000000e+00 4.28494912e-05
  6.74879486e-03 4.28494912e-05 7.64413498e-01]]


Window Size: 12
[[8.15759142e-01 6.35674618e-03 1.23415179e-01 7.03782613e-03
  1.74635884e-05 1.76731515e-02 1.01288813e-03 1.11766966e-03
  1.35342810e-02 1.34469631e-03 1.27309560e-02]
 [9.06207522e-03 7.26778432e-01 1.07838695e-01 3.17172633e-03
  3.71545084e-02 3.21703670e-02 1.81241504e-03 3.62483009e-03
  1.22338015e-02 0.00000000e+00 6.61531491e-02]
 [3.06372549e-04 0.00000000e+00 7.96568627e-01 6.12745098e-03
  0.00000000e+00 1.78002451e-01 9.49754902e-03 3.37009804e-03
  0.00000000e+00 3.37009804e-03 2.75735294e-03]
 [4.92394543e-02 6.27254195e-04 1.75787988e-01 5.43202133e-01
  0.00000000e+00 2.17186765e-01 1.56813549e-03 6.89979614e-03
  0.00000000e+00 5.48847420e-03 0.00000000e+00]
 [0.00000000e+00 5.00000000e-01 0.00000000e+00 0.00000000e+00
  0.00000000e+00 0.00000000e+00 0.00000000e+00 0.00000000e+00
  0.00000000e+00 0.00000000e+00 5.00000000e-01]
 [0.00000000e+00 0.00000000e+00 4.16666667e-02 1.04166667e-02
  0.00000000e+00 9.37500000e-01 0.00000000e+00 0.00000000e+00
  0.00000000e+00 1.04166667e-02 0.00000000e+00]
 [0.00000000e+00 0.00000000e+00 2.25961538e-01 1.20192308e-02
  0.00000000e+00 0.00000000e+00 5.55288462e-01 2.06730769e-01
  0.00000000e+00 0.00000000e+00 0.00000000e+00]
 [5.57103064e-03 0.00000000e+00 6.15598886e-01 4.45682451e-02
  0.00000000e+00 5.57103064e-02 8.35654596e-02 1.72701950e-01
  2.78551532e-03 1.67130919e-02 2.78551532e-03]
 [0.00000000e+00 0.00000000e+00 0.00000000e+00 0.00000000e+00
  0.00000000e+00 0.00000000e+00 0.00000000e+00 0.00000000e+00
  0.00000000e+00 0.00000000e+00 0.00000000e+00]
 [0.00000000e+00 0.00000000e+00 9.01840491e-01 0.00000000e+00
  0.00000000e+00 3.06748466e-02 0.00000000e+00 6.74846626e-02
  0.00000000e+00 0.00000000e+00 0.00000000e+00]
 [1.62399572e-02 3.00589181e-02 1.07016604e-01 2.78521693e-04
  7.29512587e-02 2.11247991e-02 2.33529727e-03 2.07820032e-03
  8.09855383e-03 2.35672201e-04 7.39582217e-01]]


Window Size: 19
[[8.53148197e-01 7.66745262e-03 9.61313422e-02 5.34451140e-03
  1.22260065e-04 2.98663872e-03 1.72910663e-03 1.39725788e-03
  1.25229238e-02 3.68526766e-03 1.52650424e-02]
 [8.60897145e-03 7.27684640e-01 1.03760761e-01 3.62483009e-03
  5.98096964e-02 9.51517898e-03 1.81241504e-03 1.04213865e-02
  1.54055279e-02 4.53103761e-04 5.89034889e-02]
 [9.19117647e-04 0.00000000e+00 9.18811275e-01 5.20833333e-03
  0.00000000e+00 1.93014706e-02 1.80759804e-02 4.90196078e-03
  0.00000000e+00 3.06372549e-02 2.14460784e-03]
 [1.75631175e-02 3.13627097e-04 1.85667242e-01 4.75145053e-01
  0.00000000e+00 3.08295437e-01 5.48847420e-03 9.40881292e-04
  0.00000000e+00 6.58616905e-03 0.00000000e+00]
 [0.00000000e+00 2.50000000e-01 0.00000000e+00 0.00000000e+00
  0.00000000e+00 0.00000000e+00 0.00000000e+00 0.00000000e+00
  0.00000000e+00 0.00000000e+00 7.50000000e-01]
 [0.00000000e+00 0.00000000e+00 3.64583333e-02 2.60416667e-02
  0.00000000e+00 9.37500000e-01 0.00000000e+00 0.00000000e+00
  0.00000000e+00 0.00000000e+00 0.00000000e+00]
 [0.00000000e+00 0.00000000e+00 2.28365385e-01 0.00000000e+00
  0.00000000e+00 9.61538462e-03 6.39423077e-01 1.22596154e-01
  0.00000000e+00 0.00000000e+00 0.00000000e+00]
 [1.11420613e-02 0.00000000e+00 6.32311978e-01 0.00000000e+00
  0.00000000e+00 1.03064067e-01 9.47075209e-02 1.28133705e-01
  0.00000000e+00 2.78551532e-02 2.78551532e-03]
 [0.00000000e+00 0.00000000e+00 0.00000000e+00 0.00000000e+00
  0.00000000e+00 0.00000000e+00 0.00000000e+00 0.00000000e+00
  0.00000000e+00 0.00000000e+00 0.00000000e+00]
 [0.00000000e+00 0.00000000e+00 1.00000000e+00 0.00000000e+00
  0.00000000e+00 0.00000000e+00 0.00000000e+00 0.00000000e+00
  0.00000000e+00 0.00000000e+00 0.00000000e+00]
 [1.82324585e-02 3.02517408e-02 9.21478307e-02 4.28494912e-05
  1.10144617e-01 7.58435994e-03 4.26352437e-03 1.34975897e-03
  8.59132298e-03 1.47830745e-03 7.25913230e-01]]


