Window Size: 5
[[6.06995058e-01 1.51041576e-02 9.69285303e-02 4.87174562e-03
  0.00000000e+00 5.19129023e-02 0.00000000e+00 0.00000000e+00
  7.78780841e-03 0.00000000e+00 2.16399797e-01]
 [6.79655641e-03 5.95831445e-01 8.42772995e-02 7.24966017e-03
  4.53103761e-04 1.18713185e-01 0.00000000e+00 0.00000000e+00
  2.71862256e-03 0.00000000e+00 1.83960127e-01]
 [4.07475490e-02 0.00000000e+00 3.12500000e-01 8.57843137e-03
  0.00000000e+00 2.76654412e-01 1.22549020e-03 0.00000000e+00
  0.00000000e+00 0.00000000e+00 3.60294118e-01]
 [1.56343108e-01 4.70440646e-04 7.52705034e-02 3.68198212e-01
  0.00000000e+00 2.90575506e-01 0.00000000e+00 0.00000000e+00
  0.00000000e+00 0.00000000e+00 1.09142230e-01]
 [0.00000000e+00 0.00000000e+00 7.50000000e-01 0.00000000e+00
  0.00000000e+00 0.00000000e+00 0.00000000e+00 0.00000000e+00
  0.00000000e+00 0.00000000e+00 2.50000000e-01]
 [0.00000000e+00 0.00000000e+00 5.20833333e-03 2.08333333e-02
  0.00000000e+00 9.73958333e-01 0.00000000e+00 0.00000000e+00
  0.00000000e+00 0.00000000e+00 0.00000000e+00]
 [1.94711538e-01 2.40384615e-03 1.08173077e-01 3.24519231e-01
  0.00000000e+00 1.44230769e-02 1.05769231e-01 0.00000000e+00
  0.00000000e+00 0.00000000e+00 2.50000000e-01]
 [1.42061281e-01 0.00000000e+00 3.98328691e-01 2.22841226e-01
  0.00000000e+00 3.06406685e-02 0.00000000e+00 0.00000000e+00
  5.57103064e-03 0.00000000e+00 2.00557103e-01]
 [0.00000000e+00 0.00000000e+00 0.00000000e+00 0.00000000e+00
  0.00000000e+00 0.00000000e+00 0.00000000e+00 0.00000000e+00
  0.00000000e+00 0.00000000e+00 0.00000000e+00]
 [2.45398773e-02 0.00000000e+00 3.55828221e-01 2.45398773e-02
  0.00000000e+00 7.36196319e-02 0.00000000e+00 0.00000000e+00
  0.00000000e+00 0.00000000e+00 5.21472393e-01]
 [2.02035351e-02 3.19657204e-02 6.12533476e-02 2.48527049e-03
  6.64167113e-03 4.33208356e-02 0.00000000e+00 0.00000000e+00
  2.54954472e-03 0.00000000e+00 8.31580075e-01]]


Window Size: 12
[[6.70042960e-01 7.22643289e-02 1.48824700e-01 6.74094513e-03
  0.00000000e+00 4.10568964e-02 5.23907653e-05 0.00000000e+00
  9.13345674e-03 0.00000000e+00 5.18843212e-02]
 [4.12324422e-02 6.17127322e-01 1.06479384e-01 0.00000000e+00
  3.17172633e-03 1.06479384e-01 0.00000000e+00 0.00000000e+00
  7.70276393e-03 0.00000000e+00 1.17806978e-01]
 [1.49509804e-01 1.83823529e-02 5.21752451e-01 2.05269608e-02
  0.00000000e+00 2.47242647e-01 3.06372549e-04 0.00000000e+00
  0.00000000e+00 0.00000000e+00 4.22794118e-02]
 [2.05268935e-01 1.66222362e-02 8.96973499e-02 4.73890544e-01
  0.00000000e+00 1.96487377e-01 0.00000000e+00 0.00000000e+00
  0.00000000e+00 0.00000000e+00 1.80335581e-02]
 [0.00000000e+00 2.50000000e-01 0.00000000e+00 0.00000000e+00
  0.00000000e+00 0.00000000e+00 0.00000000e+00 0.00000000e+00
  0.00000000e+00 0.00000000e+00 7.50000000e-01]
 [0.00000000e+00 0.00000000e+00 2.08333333e-02 1.04166667e-01
  0.00000000e+00 8.75000000e-01 0.00000000e+00 0.00000000e+00
  0.00000000e+00 0.00000000e+00 0.00000000e+00]
 [3.99038462e-01 3.36538462e-02 1.22596154e-01 3.82211538e-01
  0.00000000e+00 0.00000000e+00 4.56730769e-02 0.00000000e+00
  0.00000000e+00 0.00000000e+00 1.68269231e-02]
 [1.58774373e-01 1.94986072e-02 4.90250696e-01 2.39554318e-01
  0.00000000e+00 2.22841226e-02 8.35654596e-03 0.00000000e+00
  2.78551532e-03 0.00000000e+00 5.84958217e-02]
 [0.00000000e+00 0.00000000e+00 0.00000000e+00 0.00000000e+00
  0.00000000e+00 0.00000000e+00 0.00000000e+00 0.00000000e+00
  0.00000000e+00 0.00000000e+00 0.00000000e+00]
 [6.74846626e-02 0.00000000e+00 8.34355828e-01 6.74846626e-02
  0.00000000e+00 3.06748466e-02 0.00000000e+00 0.00000000e+00
  0.00000000e+00 0.00000000e+00 0.00000000e+00]
 [4.19282271e-02 3.28655597e-02 6.58596679e-02 3.57793251e-03
  2.30101768e-02 3.06802357e-02 2.57096947e-04 0.00000000e+00
  5.59185860e-03 0.00000000e+00 7.96229245e-01]]


Window Size: 19
[[6.96428260e-01 9.48388787e-03 1.24059034e-01 3.01807702e-02
  0.00000000e+00 0.00000000e+00 1.74657235e-05 0.00000000e+00
  8.43594446e-03 0.00000000e+00 1.31394638e-01]
 [6.52469415e-02 6.20752152e-01 9.83235161e-02 4.12324422e-02
  3.17172633e-03 0.00000000e+00 0.00000000e+00 0.00000000e+00
  8.60897145e-03 0.00000000e+00 1.62664250e-01]
 [1.97916667e-01 3.06372549e-04 4.53125000e-01 1.20098039e-01
  0.00000000e+00 0.00000000e+00 9.19117647e-04 0.00000000e+00
  0.00000000e+00 0.00000000e+00 2.27634804e-01]
 [2.21420731e-01 0.00000000e+00 7.65250118e-02 6.72886937e-01
  0.00000000e+00 0.00000000e+00 0.00000000e+00 0.00000000e+00
  0.00000000e+00 0.00000000e+00 2.91673201e-02]
 [0.00000000e+00 5.00000000e-01 0.00000000e+00 0.00000000e+00
  0.00000000e+00 0.00000000e+00 0.00000000e+00 0.00000000e+00
  0.00000000e+00 0.00000000e+00 5.00000000e-01]
 [0.00000000e+00 0.00000000e+00 3.64583333e-02 9.63541667e-01
  0.00000000e+00 0.00000000e+00 0.00000000e+00 0.00000000e+00
  0.00000000e+00 0.00000000e+00 0.00000000e+00]
 [4.73557692e-01 0.00000000e+00 1.05769231e-01 3.12500000e-01
  0.00000000e+00 0.00000000e+00 5.52884615e-02 0.00000000e+00
  0.00000000e+00 0.00000000e+00 5.28846154e-02]
 [2.03342618e-01 0.00000000e+00 4.48467967e-01 2.17270195e-01
  0.00000000e+00 0.00000000e+00 2.78551532e-03 0.00000000e+00
  0.00000000e+00 0.00000000e+00 1.28133705e-01]
 [0.00000000e+00 0.00000000e+00 0.00000000e+00 0.00000000e+00
  0.00000000e+00 0.00000000e+00 0.00000000e+00 0.00000000e+00
  0.00000000e+00 0.00000000e+00 0.00000000e+00]
 [1.10429448e-01 0.00000000e+00 6.56441718e-01 1.84049080e-02
  0.00000000e+00 0.00000000e+00 0.00000000e+00 0.00000000e+00
  0.00000000e+00 0.00000000e+00 2.14723926e-01]
 [4.95554365e-02 2.48955544e-02 4.95982860e-02 1.85752544e-02
  2.82592394e-02 0.00000000e+00 2.99946438e-04 0.00000000e+00
  6.08462775e-03 0.00000000e+00 8.22731655e-01]]


