Window Size: 5
[[8.67240566e-01 1.01800276e-02 3.90961951e-02 2.89510905e-02
  8.24180621e-03 5.65751104e-03 4.73205399e-03 2.33983481e-03
  2.17569715e-02 1.01276432e-03 1.07911785e-02]
 [1.63117354e-02 8.16946081e-01 1.81241504e-02 1.35931128e-02
  1.04213865e-01 3.17172633e-03 3.62483009e-03 4.07793385e-03
  5.89034889e-03 0.00000000e+00 1.40462166e-02]
 [1.22549020e-03 0.00000000e+00 8.66727941e-01 2.23651961e-02
  2.14460784e-03 6.12745098e-03 1.53186275e-03 5.82107843e-03
  3.06372549e-03 9.00735294e-02 9.19117647e-04]
 [3.13627097e-04 6.27254195e-04 1.52109142e-02 8.72824212e-01
  0.00000000e+00 1.01458366e-01 3.13627097e-04 0.00000000e+00
  8.15430453e-03 9.40881292e-04 1.56813549e-04]
 [0.00000000e+00 0.00000000e+00 0.00000000e+00 0.00000000e+00
  0.00000000e+00 0.00000000e+00 0.00000000e+00 0.00000000e+00
  0.00000000e+00 0.00000000e+00 1.00000000e+00]
 [0.00000000e+00 0.00000000e+00 0.00000000e+00 1.04166667e-02
  0.00000000e+00 9.89583333e-01 0.00000000e+00 0.00000000e+00
  0.00000000e+00 0.00000000e+00 0.00000000e+00]
 [0.00000000e+00 0.00000000e+00 0.00000000e+00 0.00000000e+00
  0.00000000e+00 0.00000000e+00 9.73557692e-01 1.68269231e-02
  7.21153846e-03 0.00000000e+00 2.40384615e-03]
 [0.00000000e+00 5.57103064e-03 8.35654596e-03 8.35654596e-03
  0.00000000e+00 0.00000000e+00 8.27298050e-01 1.30919220e-01
  1.11420613e-02 0.00000000e+00 8.35654596e-03]
 [0.00000000e+00 0.00000000e+00 0.00000000e+00 0.00000000e+00
  0.00000000e+00 0.00000000e+00 0.00000000e+00 0.00000000e+00
  0.00000000e+00 0.00000000e+00 0.00000000e+00]
 [0.00000000e+00 0.00000000e+00 1.16564417e-01 0.00000000e+00
  0.00000000e+00 0.00000000e+00 0.00000000e+00 0.00000000e+00
  0.00000000e+00 8.83435583e-01 0.00000000e+00]
 [1.73111944e-02 5.14408141e-02 1.01553294e-02 2.72094269e-03
  6.80235672e-01 7.07016604e-04 6.68452062e-03 4.88484199e-03
  3.49223353e-02 7.49866095e-04 1.90187467e-01]]


Window Size: 12
[[8.67241801e-01 7.78876043e-03 4.20348573e-02 2.73305159e-02
  6.70601795e-03 4.68024170e-03 3.68481716e-03 1.93845831e-03
  2.57238657e-02 7.50934302e-04 1.21197304e-02]
 [1.54055279e-02 8.13774354e-01 1.90303580e-02 1.08744903e-02
  1.06479384e-01 1.81241504e-03 3.17172633e-03 7.70276393e-03
  9.96828274e-03 0.00000000e+00 1.17806978e-02]
 [4.59558824e-03 0.00000000e+00 8.91850490e-01 2.11397059e-02
  2.14460784e-03 6.12745098e-03 1.22549020e-03 7.35294118e-03
  3.98284314e-03 6.12745098e-02 3.06372549e-04]
 [8.93837228e-03 6.27254195e-04 1.63086091e-02 8.79253568e-01
  0.00000000e+00 8.81292144e-02 0.00000000e+00 0.00000000e+00
  6.58616905e-03 0.00000000e+00 1.56813549e-04]
 [0.00000000e+00 7.50000000e-01 0.00000000e+00 0.00000000e+00
  0.00000000e+00 0.00000000e+00 0.00000000e+00 0.00000000e+00
  0.00000000e+00 0.00000000e+00 2.50000000e-01]
 [0.00000000e+00 0.00000000e+00 0.00000000e+00 1.04166667e-02
  0.00000000e+00 9.89583333e-01 0.00000000e+00 0.00000000e+00
  0.00000000e+00 0.00000000e+00 0.00000000e+00]
 [0.00000000e+00 0.00000000e+00 0.00000000e+00 0.00000000e+00
  0.00000000e+00 0.00000000e+00 9.85576923e-01 1.20192308e-02
  0.00000000e+00 0.00000000e+00 2.40384615e-03]
 [5.57103064e-03 2.78551532e-03 1.11420613e-02 8.35654596e-03
  0.00000000e+00 0.00000000e+00 8.18941504e-01 1.36490251e-01
  2.78551532e-03 0.00000000e+00 1.39275766e-02]
 [0.00000000e+00 0.00000000e+00 0.00000000e+00 0.00000000e+00
  0.00000000e+00 0.00000000e+00 0.00000000e+00 0.00000000e+00
  0.00000000e+00 0.00000000e+00 0.00000000e+00]
 [0.00000000e+00 0.00000000e+00 1.34969325e-01 0.00000000e+00
  0.00000000e+00 0.00000000e+00 0.00000000e+00 0.00000000e+00
  0.00000000e+00 8.65030675e-01 0.00000000e+00]
 [1.60685592e-02 4.54847349e-02 9.76968399e-03 1.92822710e-03
  6.80064274e-01 6.64167113e-04 4.11355115e-03 4.49919657e-03
  4.03856454e-02 4.28494912e-04 1.96593465e-01]]


Window Size: 19
[[8.69670771e-01 7.37053532e-03 4.26163654e-02 2.98139900e-02
  6.00820889e-03 4.71574535e-04 3.52807615e-03 1.79896952e-03
  2.42424242e-02 6.98628941e-04 1.37804559e-02]
 [1.67648391e-02 8.08790213e-01 1.90303580e-02 1.44993203e-02
  1.01495242e-01 0.00000000e+00 3.17172633e-03 1.22338015e-02
  8.60897145e-03 0.00000000e+00 1.54055279e-02]
 [6.74019608e-03 0.00000000e+00 9.07781863e-01 2.57352941e-02
  2.14460784e-03 0.00000000e+00 2.45098039e-03 6.74019608e-03
  3.06372549e-03 4.47303922e-02 6.12745098e-04]
 [2.71287439e-02 7.84067743e-04 1.47404736e-02 8.73765093e-01
  0.00000000e+00 7.77795202e-02 0.00000000e+00 0.00000000e+00
  5.48847420e-03 1.56813549e-04 1.56813549e-04]
 [0.00000000e+00 7.50000000e-01 0.00000000e+00 0.00000000e+00
  0.00000000e+00 0.00000000e+00 0.00000000e+00 0.00000000e+00
  0.00000000e+00 0.00000000e+00 2.50000000e-01]
 [0.00000000e+00 0.00000000e+00 0.00000000e+00 2.60416667e-02
  0.00000000e+00 9.73958333e-01 0.00000000e+00 0.00000000e+00
  0.00000000e+00 0.00000000e+00 0.00000000e+00]
 [2.40384615e-03 0.00000000e+00 0.00000000e+00 0.00000000e+00
  0.00000000e+00 0.00000000e+00 9.73557692e-01 2.40384615e-02
  0.00000000e+00 0.00000000e+00 0.00000000e+00]
 [1.39275766e-02 0.00000000e+00 1.39275766e-02 8.35654596e-03
  0.00000000e+00 0.00000000e+00 7.68802228e-01 1.86629526e-01
  0.00000000e+00 0.00000000e+00 8.35654596e-03]
 [0.00000000e+00 0.00000000e+00 0.00000000e+00 0.00000000e+00
  0.00000000e+00 0.00000000e+00 0.00000000e+00 0.00000000e+00
  0.00000000e+00 0.00000000e+00 0.00000000e+00]
 [0.00000000e+00 0.00000000e+00 1.59509202e-01 0.00000000e+00
  0.00000000e+00 0.00000000e+00 0.00000000e+00 0.00000000e+00
  0.00000000e+00 8.40490798e-01 0.00000000e+00]
 [1.68398500e-02 4.24424210e-02 9.94108195e-03 2.37814676e-03
  6.55811462e-01 3.42795929e-04 3.87787895e-03 3.98500268e-03
  3.67005892e-02 5.14193894e-04 2.27166577e-01]]


