Window Size: 5
[[9.03333392e-01 5.48289651e-03 1.45279296e-02 2.62445651e-02
  6.28612338e-04 2.88113988e-03 2.82875552e-03 4.33044055e-03
  1.55406939e-02 1.03022578e-03 2.31713492e-02]
 [8.15586769e-03 8.54100589e-01 3.62483009e-03 1.08744903e-02
  5.57317626e-02 1.81241504e-03 1.35931128e-03 6.34345265e-03
  3.17172633e-03 0.00000000e+00 5.48255551e-02]
 [9.19117647e-04 0.00000000e+00 9.39031863e-01 1.40931373e-02
  9.19117647e-04 1.53186275e-03 0.00000000e+00 7.04656863e-03
  3.06372549e-03 3.15563725e-02 1.83823529e-03]
 [1.56813549e-04 6.27254195e-04 3.13627097e-04 9.19868277e-01
  0.00000000e+00 7.10365376e-02 1.56813549e-04 0.00000000e+00
  7.21342324e-03 1.56813549e-04 4.70440646e-04]
 [0.00000000e+00 0.00000000e+00 0.00000000e+00 0.00000000e+00
  0.00000000e+00 0.00000000e+00 0.00000000e+00 0.00000000e+00
  0.00000000e+00 0.00000000e+00 1.00000000e+00]
 [0.00000000e+00 0.00000000e+00 0.00000000e+00 5.20833333e-03
  0.00000000e+00 9.94791667e-01 0.00000000e+00 0.00000000e+00
  0.00000000e+00 0.00000000e+00 0.00000000e+00]
 [0.00000000e+00 0.00000000e+00 0.00000000e+00 0.00000000e+00
  0.00000000e+00 0.00000000e+00 9.83173077e-01 9.61538462e-03
  2.40384615e-03 0.00000000e+00 4.80769231e-03]
 [0.00000000e+00 5.57103064e-03 8.35654596e-03 8.35654596e-03
  0.00000000e+00 0.00000000e+00 5.82172702e-01 3.81615599e-01
  1.11420613e-02 0.00000000e+00 2.78551532e-03]
 [0.00000000e+00 0.00000000e+00 0.00000000e+00 0.00000000e+00
  0.00000000e+00 0.00000000e+00 0.00000000e+00 0.00000000e+00
  0.00000000e+00 0.00000000e+00 0.00000000e+00]
 [0.00000000e+00 0.00000000e+00 6.13496933e-03 0.00000000e+00
  0.00000000e+00 0.00000000e+00 0.00000000e+00 0.00000000e+00
  0.00000000e+00 9.93865031e-01 0.00000000e+00]
 [2.30744510e-02 4.15425817e-02 6.96304231e-03 2.67809320e-03
  1.91537225e-02 5.57043385e-04 3.27798607e-03 8.37707552e-03
  2.67809320e-02 7.71290841e-04 8.66823781e-01]]


Window Size: 12
[[9.18305333e-01 4.29604275e-03 6.25196465e-03 2.19691942e-02
  5.06444064e-04 1.41455066e-03 1.17006042e-03 3.59749921e-03
  1.76382243e-02 6.11225595e-04 2.42394607e-02]
 [8.15586769e-03 8.71318532e-01 1.81241504e-03 4.53103761e-03
  5.02945174e-02 1.35931128e-03 9.06207522e-04 9.51517898e-03
  3.17172633e-03 0.00000000e+00 4.89352062e-02]
 [3.06372549e-03 0.00000000e+00 9.52205882e-01 1.07230392e-02
  9.19117647e-04 0.00000000e+00 1.53186275e-03 7.65931373e-03
  3.37009804e-03 1.86887255e-02 1.83823529e-03]
 [3.13627097e-04 1.56813549e-04 0.00000000e+00 9.36804140e-01
  0.00000000e+00 5.56688098e-02 0.00000000e+00 0.00000000e+00
  5.33166066e-03 0.00000000e+00 1.72494904e-03]
 [0.00000000e+00 2.50000000e-01 0.00000000e+00 0.00000000e+00
  7.50000000e-01 0.00000000e+00 0.00000000e+00 0.00000000e+00
  0.00000000e+00 0.00000000e+00 0.00000000e+00]
 [0.00000000e+00 0.00000000e+00 0.00000000e+00 5.20833333e-03
  0.00000000e+00 9.94791667e-01 0.00000000e+00 0.00000000e+00
  0.00000000e+00 0.00000000e+00 0.00000000e+00]
 [0.00000000e+00 0.00000000e+00 0.00000000e+00 0.00000000e+00
  0.00000000e+00 0.00000000e+00 9.92788462e-01 4.80769231e-03
  0.00000000e+00 0.00000000e+00 2.40384615e-03]
 [0.00000000e+00 2.78551532e-03 1.11420613e-02 5.57103064e-03
  0.00000000e+00 0.00000000e+00 4.76323120e-01 4.93036212e-01
  8.35654596e-03 0.00000000e+00 2.78551532e-03]
 [0.00000000e+00 0.00000000e+00 0.00000000e+00 0.00000000e+00
  0.00000000e+00 0.00000000e+00 0.00000000e+00 0.00000000e+00
  0.00000000e+00 0.00000000e+00 0.00000000e+00]
 [0.00000000e+00 0.00000000e+00 6.13496933e-03 0.00000000e+00
  0.00000000e+00 0.00000000e+00 0.00000000e+00 0.00000000e+00
  0.00000000e+00 9.93865031e-01 0.00000000e+00]
 [2.28387788e-02 3.15158007e-02 5.82753080e-03 1.69255490e-03
  2.33315479e-02 3.64220675e-04 2.22817354e-03 6.77021960e-03
  3.01231923e-02 4.07070166e-04 8.74900911e-01]]


Window Size: 19
[[9.24373417e-01 3.98218496e-03 6.46231770e-03 1.88105842e-02
  2.44520129e-04 3.66780194e-04 5.41437429e-04 3.51061043e-03
  1.52999738e-02 5.58903153e-04 2.58492708e-02]
 [8.15586769e-03 8.72224739e-01 4.53103761e-04 3.62483009e-03
  4.62165836e-02 0.00000000e+00 9.06207522e-04 1.35931128e-02
  3.17172633e-03 0.00000000e+00 5.16538287e-02]
 [5.20833333e-03 0.00000000e+00 9.58639706e-01 8.88480392e-03
  6.12745098e-04 0.00000000e+00 2.45098039e-03 6.43382353e-03
  2.14460784e-03 1.31740196e-02 2.45098039e-03]
 [1.56813549e-04 1.56813549e-04 0.00000000e+00 9.62521562e-01
  0.00000000e+00 3.05786420e-02 0.00000000e+00 0.00000000e+00
  4.07715227e-03 0.00000000e+00 2.50901678e-03]
 [0.00000000e+00 2.50000000e-01 0.00000000e+00 0.00000000e+00
  7.50000000e-01 0.00000000e+00 0.00000000e+00 0.00000000e+00
  0.00000000e+00 0.00000000e+00 0.00000000e+00]
 [0.00000000e+00 0.00000000e+00 0.00000000e+00 5.20833333e-03
  0.00000000e+00 9.94791667e-01 0.00000000e+00 0.00000000e+00
  0.00000000e+00 0.00000000e+00 0.00000000e+00]
 [0.00000000e+00 0.00000000e+00 0.00000000e+00 0.00000000e+00
  0.00000000e+00 0.00000000e+00 9.54326923e-01 4.32692308e-02
  0.00000000e+00 0.00000000e+00 2.40384615e-03]
 [0.00000000e+00 0.00000000e+00 1.11420613e-02 2.78551532e-03
  0.00000000e+00 0.00000000e+00 3.20334262e-01 6.65738162e-01
  0.00000000e+00 0.00000000e+00 0.00000000e+00]
 [0.00000000e+00 0.00000000e+00 0.00000000e+00 0.00000000e+00
  0.00000000e+00 0.00000000e+00 0.00000000e+00 0.00000000e+00
  0.00000000e+00 0.00000000e+00 0.00000000e+00]
 [0.00000000e+00 0.00000000e+00 1.84049080e-02 0.00000000e+00
  0.00000000e+00 0.00000000e+00 0.00000000e+00 0.00000000e+00
  0.00000000e+00 9.81595092e-01 0.00000000e+00]
 [2.32672737e-02 2.72522764e-02 5.84895554e-03 1.47830745e-03
  1.93036958e-02 2.57096947e-04 2.76379218e-03 5.89180503e-03
  2.72308516e-02 4.92769148e-04 8.86213176e-01]]


