Window Size: 5
[[0.66666667 0.2        0.         0.04444444 0.         0.05555556
  0.01111111 0.02222222]
 [0.01612903 0.93548387 0.         0.         0.         0.
  0.         0.0483871 ]
 [0.22413793 0.17241379 0.18965517 0.22413793 0.         0.06896552
  0.12068966 0.        ]
 [0.         0.03333333 0.03333333 0.86666667 0.         0.
  0.         0.06666667]
 [0.         0.07142857 0.01785714 0.01785714 0.55357143 0.
  0.03571429 0.30357143]
 [0.         0.         0.04761905 0.         0.         0.69047619
  0.         0.26190476]
 [0.04166667 0.29166667 0.         0.         0.         0.
  0.66666667 0.        ]
 [0.         0.         0.         0.05128205 0.         0.
  0.02564103 0.92307692]]


Window Size: 12
[[0.63333333 0.16666667 0.         0.06666667 0.         0.1
  0.01111111 0.02222222]
 [0.         0.9516129  0.         0.         0.         0.
  0.         0.0483871 ]
 [0.13793103 0.32758621 0.17241379 0.20689655 0.         0.05172414
  0.10344828 0.        ]
 [0.03333333 0.03333333 0.         0.76666667 0.         0.06666667
  0.         0.1       ]
 [0.         0.02040816 0.         0.02040816 0.51020408 0.
  0.         0.44897959]
 [0.         0.         0.04761905 0.         0.         0.64285714
  0.         0.30952381]
 [0.08333333 0.22916667 0.         0.         0.         0.
  0.6875     0.        ]
 [0.05128205 0.         0.         0.05128205 0.         0.
  0.         0.8974359 ]]


Window Size: 19
[[0.62222222 0.13333333 0.         0.05555556 0.         0.12222222
  0.02222222 0.04444444]
 [0.         0.9516129  0.         0.         0.         0.
  0.         0.0483871 ]
 [0.12068966 0.27586207 0.18965517 0.18965517 0.         0.0862069
  0.13793103 0.        ]
 [0.03333333 0.03333333 0.         0.76666667 0.         0.1
  0.         0.06666667]
 [0.         0.04761905 0.02380952 0.         0.45238095 0.
  0.         0.47619048]
 [0.         0.         0.02380952 0.         0.         0.71428571
  0.         0.26190476]
 [0.125      0.1875     0.         0.         0.         0.
  0.6875     0.        ]
 [0.05128205 0.         0.         0.05128205 0.         0.
  0.         0.8974359 ]]


