Window Size: 5
[[7.55693626e-01 6.86020354e-02 2.38671666e-02 9.42688806e-02
  4.64916979e-03 1.33904660e-02 3.42795929e-02 2.14247456e-04
  1.64970541e-03 3.38510980e-03 0.00000000e+00]
 [1.22404791e-02 8.30781051e-01 4.13836456e-03 9.01884091e-02
  2.02727479e-02 0.00000000e+00 3.22163823e-02 6.11150884e-04
  2.89860134e-03 6.65281391e-03 0.00000000e+00]
 [7.56683280e-02 1.03760761e-01 6.83733575e-01 5.89034889e-02
  2.17489805e-02 1.58586316e-02 3.48889896e-02 0.00000000e+00
  0.00000000e+00 5.43724513e-03 0.00000000e+00]
 [3.06372549e-03 6.70955882e-02 0.00000000e+00 6.81372549e-01
  2.84926471e-02 0.00000000e+00 2.12622549e-01 1.22549020e-03
  6.12745098e-03 0.00000000e+00 0.00000000e+00]
 [0.00000000e+00 1.42700329e-01 6.27254195e-04 6.36663008e-02
  6.05927552e-01 0.00000000e+00 1.28900737e-01 7.52705034e-03
  5.06507762e-02 0.00000000e+00 0.00000000e+00]
 [5.00000000e-01 0.00000000e+00 0.00000000e+00 5.00000000e-01
  0.00000000e+00 0.00000000e+00 0.00000000e+00 0.00000000e+00
  0.00000000e+00 0.00000000e+00 0.00000000e+00]
 [0.00000000e+00 0.00000000e+00 0.00000000e+00 0.00000000e+00
  1.09375000e-01 0.00000000e+00 8.90625000e-01 0.00000000e+00
  0.00000000e+00 0.00000000e+00 0.00000000e+00]
 [0.00000000e+00 4.80769231e-02 0.00000000e+00 2.62019231e-01
  1.92307692e-02 0.00000000e+00 3.60576923e-02 4.83173077e-01
  1.51442308e-01 0.00000000e+00 0.00000000e+00]
 [2.78551532e-03 2.78551532e-03 0.00000000e+00 4.81894150e-01
  1.44846797e-01 0.00000000e+00 7.52089136e-02 1.08635097e-01
  1.78272981e-01 5.57103064e-03 0.00000000e+00]
 [0.00000000e+00 0.00000000e+00 0.00000000e+00 0.00000000e+00
  0.00000000e+00 0.00000000e+00 0.00000000e+00 0.00000000e+00
  0.00000000e+00 0.00000000e+00 0.00000000e+00]
 [0.00000000e+00 0.00000000e+00 0.00000000e+00 8.77300613e-01
  0.00000000e+00 0.00000000e+00 7.36196319e-02 0.00000000e+00
  4.90797546e-02 0.00000000e+00 0.00000000e+00]]


Window Size: 12
[[6.24295661e-01 2.60096411e-02 3.77504017e-02 7.72790573e-02
  9.64113551e-04 2.08205678e-01 1.25549009e-02 1.86395287e-03
  5.07766470e-03 5.97750402e-03 2.14247456e-05]
 [1.06003982e-02 8.81492089e-01 6.54884566e-03 6.83175579e-02
  8.45237679e-03 2.49729314e-03 8.41744962e-03 1.53679578e-03
  4.05155251e-03 7.92846914e-03 1.57172296e-04]
 [2.76393294e-02 3.12641595e-02 7.37652923e-01 7.56683280e-02
  1.08744903e-02 7.88400544e-02 1.81241504e-02 1.35931128e-03
  7.24966017e-03 1.13275940e-02 0.00000000e+00]
 [2.75735294e-03 3.06372549e-04 0.00000000e+00 9.00735294e-01
  1.28676471e-02 0.00000000e+00 6.49509804e-02 9.49754902e-03
  6.74019608e-03 0.00000000e+00 2.14460784e-03]
 [0.00000000e+00 3.76352517e-03 6.27254195e-04 1.00203858e-01
  6.85118394e-01 0.00000000e+00 1.57597616e-01 2.54037949e-02
  2.54037949e-02 0.00000000e+00 1.88176258e-03]
 [5.00000000e-01 0.00000000e+00 5.00000000e-01 0.00000000e+00
  0.00000000e+00 0.00000000e+00 0.00000000e+00 0.00000000e+00
  0.00000000e+00 0.00000000e+00 0.00000000e+00]
 [0.00000000e+00 0.00000000e+00 0.00000000e+00 1.04166667e-02
  1.56250000e-02 0.00000000e+00 9.53125000e-01 0.00000000e+00
  0.00000000e+00 0.00000000e+00 2.08333333e-02]
 [0.00000000e+00 0.00000000e+00 0.00000000e+00 1.22596154e-01
  0.00000000e+00 0.00000000e+00 0.00000000e+00 8.48557692e-01
  2.88461538e-02 0.00000000e+00 0.00000000e+00]
 [5.57103064e-03 0.00000000e+00 2.78551532e-03 4.34540390e-01
  0.00000000e+00 0.00000000e+00 1.22562674e-01 2.47910864e-01
  1.75487465e-01 2.78551532e-03 8.35654596e-03]
 [0.00000000e+00 0.00000000e+00 0.00000000e+00 0.00000000e+00
  0.00000000e+00 0.00000000e+00 0.00000000e+00 0.00000000e+00
  0.00000000e+00 0.00000000e+00 0.00000000e+00]
 [0.00000000e+00 0.00000000e+00 0.00000000e+00 8.40490798e-01
  0.00000000e+00 0.00000000e+00 9.20245399e-02 0.00000000e+00
  6.74846626e-02 0.00000000e+00 0.00000000e+00]]


Window Size: 19
[[5.12929834e-01 2.70166042e-02 3.18157472e-02 4.25709695e-02
  5.14193894e-04 3.45902517e-01 4.73486877e-03 9.12694162e-03
  1.54043921e-02 9.38403856e-03 5.99892876e-04]
 [1.24705266e-02 9.01196402e-01 7.77224697e-03 3.65732250e-02
  5.74622304e-03 4.83800541e-03 1.17020348e-03 6.56711204e-03
  1.43917562e-02 9.01231334e-03 2.61985853e-04]
 [2.89986407e-02 3.80607159e-02 7.24059810e-01 3.76076121e-02
  5.43724513e-03 1.07385591e-01 9.96828274e-03 1.35931128e-03
  3.21703670e-02 1.44993203e-02 4.53103761e-04]
 [2.75735294e-03 1.22549020e-03 0.00000000e+00 9.08088235e-01
  9.49754902e-03 0.00000000e+00 3.70710784e-02 2.26715686e-02
  2.14460784e-03 0.00000000e+00 1.65441176e-02]
 [0.00000000e+00 6.74298259e-03 4.70440646e-04 4.72008782e-02
  7.21499138e-01 0.00000000e+00 1.78767446e-01 4.45350478e-02
  4.70440646e-04 0.00000000e+00 3.13627097e-04]
 [1.00000000e+00 0.00000000e+00 0.00000000e+00 0.00000000e+00
  0.00000000e+00 0.00000000e+00 0.00000000e+00 0.00000000e+00
  0.00000000e+00 0.00000000e+00 0.00000000e+00]
 [0.00000000e+00 0.00000000e+00 0.00000000e+00 0.00000000e+00
  2.60416667e-02 0.00000000e+00 9.37500000e-01 3.64583333e-02
  0.00000000e+00 0.00000000e+00 0.00000000e+00]
 [0.00000000e+00 0.00000000e+00 0.00000000e+00 9.61538462e-03
  0.00000000e+00 0.00000000e+00 0.00000000e+00 9.80769231e-01
  9.61538462e-03 0.00000000e+00 0.00000000e+00]
 [1.39275766e-02 5.57103064e-03 0.00000000e+00 1.11420613e-01
  0.00000000e+00 0.00000000e+00 9.47075209e-02 6.99164345e-01
  4.17827298e-02 0.00000000e+00 3.34261838e-02]
 [0.00000000e+00 0.00000000e+00 0.00000000e+00 0.00000000e+00
  0.00000000e+00 0.00000000e+00 0.00000000e+00 0.00000000e+00
  0.00000000e+00 0.00000000e+00 0.00000000e+00]
 [0.00000000e+00 0.00000000e+00 0.00000000e+00 9.20245399e-01
  0.00000000e+00 0.00000000e+00 0.00000000e+00 7.97546012e-02
  0.00000000e+00 0.00000000e+00 0.00000000e+00]]


