Window Size: 5
[[1.78960900e-01 1.72469202e-02 5.16550616e-02 9.85538297e-03
  2.69951794e-03 6.91205142e-01 6.85591859e-04 6.66309588e-03
  4.90626674e-03 3.50080343e-02 1.11408677e-03]
 [1.04943338e-02 8.67083413e-01 1.02324120e-02 3.97422689e-02
  2.85145541e-02 8.31165203e-03 5.64004959e-03 4.74951544e-03
  2.32237336e-03 2.21411235e-02 7.68303969e-04]
 [1.26869053e-02 1.58586316e-02 8.18305392e-01 1.81241504e-02
  1.44993203e-02 1.04666969e-01 2.26551880e-03 3.17172633e-03
  4.53103761e-03 5.89034889e-03 0.00000000e+00]
 [9.19117647e-04 1.22549020e-03 0.00000000e+00 8.81127451e-01
  2.17524510e-02 2.14460784e-03 7.35294118e-03 1.22549020e-03
  5.82107843e-03 3.06372549e-03 7.53676471e-02]
 [1.56813549e-04 4.70440646e-04 6.27254195e-04 1.63086091e-02
  8.73137839e-01 0.00000000e+00 1.00674298e-01 0.00000000e+00
  0.00000000e+00 8.31111808e-03 3.13627097e-04]
 [1.00000000e+00 0.00000000e+00 0.00000000e+00 0.00000000e+00
  0.00000000e+00 0.00000000e+00 0.00000000e+00 0.00000000e+00
  0.00000000e+00 0.00000000e+00 0.00000000e+00]
 [0.00000000e+00 0.00000000e+00 0.00000000e+00 0.00000000e+00
  1.04166667e-02 0.00000000e+00 9.89583333e-01 0.00000000e+00
  0.00000000e+00 0.00000000e+00 0.00000000e+00]
 [2.40384615e-03 0.00000000e+00 0.00000000e+00 0.00000000e+00
  0.00000000e+00 0.00000000e+00 0.00000000e+00 9.68750000e-01
  2.16346154e-02 7.21153846e-03 0.00000000e+00]
 [8.35654596e-03 0.00000000e+00 5.57103064e-03 8.35654596e-03
  8.35654596e-03 0.00000000e+00 0.00000000e+00 8.30083565e-01
  1.28133705e-01 1.11420613e-02 0.00000000e+00]
 [0.00000000e+00 0.00000000e+00 0.00000000e+00 0.00000000e+00
  0.00000000e+00 0.00000000e+00 0.00000000e+00 0.00000000e+00
  0.00000000e+00 0.00000000e+00 0.00000000e+00]
 [0.00000000e+00 0.00000000e+00 0.00000000e+00 1.47239264e-01
  0.00000000e+00 0.00000000e+00 0.00000000e+00 0.00000000e+00
  0.00000000e+00 0.00000000e+00 8.52760736e-01]]


Window Size: 12
[[1.88580611e-01 1.61328334e-02 4.57846813e-02 9.44831280e-03
  1.88537761e-03 6.87220139e-01 6.21317622e-04 4.11355115e-03
  4.45634708e-03 4.09426888e-02 8.14140332e-04]
 [1.16656771e-02 8.67014774e-01 7.77129685e-03 4.25762286e-02
  2.71733436e-02 6.89811743e-03 4.43575146e-03 3.61496280e-03
  1.92099473e-03 2.62827006e-02 6.46152771e-04]
 [1.04213865e-02 1.58586316e-02 8.12868147e-01 1.90303580e-02
  1.04213865e-02 1.08291799e-01 1.81241504e-03 3.17172633e-03
  7.70276393e-03 1.04213865e-02 0.00000000e+00]
 [3.06372549e-04 4.59558824e-03 0.00000000e+00 8.92769608e-01
  2.05269608e-02 2.14460784e-03 6.12745098e-03 1.53186275e-03
  6.74019608e-03 3.98284314e-03 6.12745098e-02]
 [1.56813549e-04 8.62474518e-03 6.27254195e-04 1.75631175e-02
  8.78469500e-01 0.00000000e+00 8.79724008e-02 0.00000000e+00
  0.00000000e+00 6.58616905e-03 0.00000000e+00]
 [2.50000000e-01 0.00000000e+00 7.50000000e-01 0.00000000e+00
  0.00000000e+00 0.00000000e+00 0.00000000e+00 0.00000000e+00
  0.00000000e+00 0.00000000e+00 0.00000000e+00]
 [0.00000000e+00 0.00000000e+00 0.00000000e+00 0.00000000e+00
  1.04166667e-02 0.00000000e+00 9.89583333e-01 0.00000000e+00
  0.00000000e+00 0.00000000e+00 0.00000000e+00]
 [2.40384615e-03 0.00000000e+00 0.00000000e+00 0.00000000e+00
  0.00000000e+00 0.00000000e+00 0.00000000e+00 9.85576923e-01
  1.20192308e-02 0.00000000e+00 0.00000000e+00]
 [1.67130919e-02 5.57103064e-03 2.78551532e-03 1.11420613e-02
  8.35654596e-03 0.00000000e+00 0.00000000e+00 8.16155989e-01
  1.36490251e-01 2.78551532e-03 0.00000000e+00]
 [0.00000000e+00 0.00000000e+00 0.00000000e+00 0.00000000e+00
  0.00000000e+00 0.00000000e+00 0.00000000e+00 0.00000000e+00
  0.00000000e+00 0.00000000e+00 0.00000000e+00]
 [0.00000000e+00 0.00000000e+00 0.00000000e+00 2.14723926e-01
  0.00000000e+00 0.00000000e+00 0.00000000e+00 0.00000000e+00
  0.00000000e+00 0.00000000e+00 7.85276074e-01]]


Window Size: 19
[[2.15661489e-01 1.68184253e-02 4.24852705e-02 9.57686127e-03
  2.37814676e-03 6.66566685e-01 3.42795929e-04 3.98500268e-03
  3.89930370e-03 3.73219068e-02 9.64113551e-04]
 [1.31516898e-02 8.69496114e-01 7.33560388e-03 4.33149943e-02
  2.93074841e-02 6.11300323e-03 4.71574535e-04 3.47567898e-03
  1.79896952e-03 2.49759846e-02 5.58903153e-04]
 [1.35931128e-02 1.67648391e-02 8.08790213e-01 1.81241504e-02
  1.44993203e-02 1.04213865e-01 0.00000000e+00 3.17172633e-03
  1.13275940e-02 9.51517898e-03 0.00000000e+00]
 [6.12745098e-04 5.82107843e-03 0.00000000e+00 9.05637255e-01
  2.63480392e-02 2.14460784e-03 0.00000000e+00 2.45098039e-03
  6.74019608e-03 3.06372549e-03 4.71813725e-02]
 [1.56813549e-04 2.58742355e-02 7.84067743e-04 1.66222362e-02
  8.73608280e-01 0.00000000e+00 7.74658931e-02 0.00000000e+00
  0.00000000e+00 5.48847420e-03 0.00000000e+00]
 [2.50000000e-01 0.00000000e+00 7.50000000e-01 0.00000000e+00
  0.00000000e+00 0.00000000e+00 0.00000000e+00 0.00000000e+00
  0.00000000e+00 0.00000000e+00 0.00000000e+00]
 [0.00000000e+00 0.00000000e+00 0.00000000e+00 0.00000000e+00
  2.60416667e-02 0.00000000e+00 9.73958333e-01 0.00000000e+00
  0.00000000e+00 0.00000000e+00 0.00000000e+00]
 [0.00000000e+00 2.40384615e-03 0.00000000e+00 0.00000000e+00
  0.00000000e+00 0.00000000e+00 0.00000000e+00 9.73557692e-01
  2.40384615e-02 0.00000000e+00 0.00000000e+00]
 [8.35654596e-03 1.39275766e-02 0.00000000e+00 1.39275766e-02
  8.35654596e-03 0.00000000e+00 0.00000000e+00 7.74373259e-01
  1.81058496e-01 0.00000000e+00 0.00000000e+00]
 [0.00000000e+00 0.00000000e+00 0.00000000e+00 0.00000000e+00
  0.00000000e+00 0.00000000e+00 0.00000000e+00 0.00000000e+00
  0.00000000e+00 0.00000000e+00 0.00000000e+00]
 [0.00000000e+00 0.00000000e+00 0.00000000e+00 2.08588957e-01
  0.00000000e+00 0.00000000e+00 0.00000000e+00 0.00000000e+00
  0.00000000e+00 0.00000000e+00 7.91411043e-01]]


