Window Size: 5
[[1.10187467e-01 1.99035886e-02 5.54043921e-02 5.33476165e-03
  1.00696304e-03 7.52501339e-01 4.28494912e-05 5.44188538e-03
  1.72897697e-02 3.08730584e-02 2.01392608e-03]
 [1.20658646e-02 8.92175523e-01 1.13674065e-02 1.98187501e-02
  1.82122964e-02 9.30695490e-03 1.57153085e-04 2.26998900e-03
  1.55406939e-02 1.74614538e-02 1.62391521e-03]
 [1.22338015e-02 1.08744903e-02 8.27367467e-01 6.79655641e-03
  4.07793385e-03 1.22791119e-01 0.00000000e+00 4.07793385e-03
  8.15586769e-03 3.62483009e-03 0.00000000e+00]
 [9.19117647e-04 4.90196078e-03 0.00000000e+00 7.95955882e-01
  3.37009804e-03 3.37009804e-03 0.00000000e+00 2.45098039e-03
  2.32843137e-02 2.14460784e-03 1.63602941e-01]
 [3.13627097e-04 0.00000000e+00 4.70440646e-04 0.00000000e+00
  7.95201505e-01 0.00000000e+00 1.78297005e-01 1.41132194e-03
  3.13627097e-04 2.32084052e-02 7.84067743e-04]
 [1.00000000e+00 0.00000000e+00 0.00000000e+00 0.00000000e+00
  0.00000000e+00 0.00000000e+00 0.00000000e+00 0.00000000e+00
  0.00000000e+00 0.00000000e+00 0.00000000e+00]
 [0.00000000e+00 0.00000000e+00 0.00000000e+00 0.00000000e+00
  0.00000000e+00 0.00000000e+00 1.00000000e+00 0.00000000e+00
  0.00000000e+00 0.00000000e+00 0.00000000e+00]
 [0.00000000e+00 0.00000000e+00 0.00000000e+00 2.40384615e-03
  0.00000000e+00 0.00000000e+00 0.00000000e+00 9.51923077e-01
  3.60576923e-02 9.61538462e-03 0.00000000e+00]
 [2.50696379e-02 5.57103064e-03 2.78551532e-03 4.17827298e-02
  0.00000000e+00 0.00000000e+00 0.00000000e+00 2.81337047e-01
  6.35097493e-01 8.35654596e-03 0.00000000e+00]
 [0.00000000e+00 0.00000000e+00 0.00000000e+00 0.00000000e+00
  0.00000000e+00 0.00000000e+00 0.00000000e+00 0.00000000e+00
  0.00000000e+00 0.00000000e+00 0.00000000e+00]
 [0.00000000e+00 1.84049080e-02 0.00000000e+00 8.58895706e-02
  0.00000000e+00 0.00000000e+00 0.00000000e+00 0.00000000e+00
  1.22699387e-02 0.00000000e+00 8.83435583e-01]]


Window Size: 12
[[7.09373326e-02 2.53454740e-02 5.33047670e-02 5.20621318e-03
  2.16389930e-03 7.74997322e-01 0.00000000e+00 9.19121585e-03
  2.51526513e-02 3.01446170e-02 3.55650777e-03]
 [1.11417694e-02 8.94781880e-01 1.66951905e-02 6.53138207e-03
  1.29754462e-02 1.56997660e-02 3.49271768e-05 8.34759526e-03
  8.83657574e-03 2.27550557e-02 2.20041214e-03]
 [9.51517898e-03 7.24966017e-03 7.96103308e-01 0.00000000e+00
  2.26551880e-03 1.62664250e-01 0.00000000e+00 1.22338015e-02
  5.43724513e-03 4.53103761e-03 0.00000000e+00]
 [1.83823529e-03 1.28676471e-02 3.06372549e-04 4.23406863e-01
  0.00000000e+00 4.59558824e-03 0.00000000e+00 7.65931373e-03
  3.30882353e-02 9.19117647e-04 5.15318627e-01]
 [0.00000000e+00 7.37023679e-03 0.00000000e+00 7.84067743e-04
  5.44613455e-01 0.00000000e+00 4.12576447e-01 1.09769484e-03
  1.09769484e-03 3.15195233e-02 9.40881292e-04]
 [0.00000000e+00 0.00000000e+00 0.00000000e+00 0.00000000e+00
  0.00000000e+00 1.00000000e+00 0.00000000e+00 0.00000000e+00
  0.00000000e+00 0.00000000e+00 0.00000000e+00]
 [0.00000000e+00 0.00000000e+00 0.00000000e+00 0.00000000e+00
  5.20833333e-03 0.00000000e+00 9.94791667e-01 0.00000000e+00
  0.00000000e+00 0.00000000e+00 0.00000000e+00]
 [0.00000000e+00 0.00000000e+00 0.00000000e+00 4.80769231e-03
  0.00000000e+00 0.00000000e+00 0.00000000e+00 7.95673077e-01
  1.99519231e-01 0.00000000e+00 0.00000000e+00]
 [1.05849582e-01 1.47632312e-01 5.57103064e-03 8.07799443e-02
  0.00000000e+00 0.00000000e+00 0.00000000e+00 3.17548747e-01
  3.31476323e-01 1.11420613e-02 0.00000000e+00]
 [0.00000000e+00 0.00000000e+00 0.00000000e+00 0.00000000e+00
  0.00000000e+00 0.00000000e+00 0.00000000e+00 0.00000000e+00
  0.00000000e+00 0.00000000e+00 0.00000000e+00]
 [0.00000000e+00 6.74846626e-02 0.00000000e+00 5.52147239e-02
  0.00000000e+00 0.00000000e+00 0.00000000e+00 0.00000000e+00
  0.00000000e+00 0.00000000e+00 8.77300613e-01]]


Window Size: 19
[[7.54793787e-02 2.97803964e-02 4.64916979e-02 8.31280129e-03
  3.27798607e-03 7.61628281e-01 0.00000000e+00 1.45688270e-02
  2.41028388e-02 3.19871452e-02 4.37064810e-03]
 [9.71094228e-03 8.80115274e-01 1.92297616e-02 7.80717841e-03
  1.49506593e-02 2.40153698e-02 1.74657235e-05 1.10034058e-02
  9.18697057e-03 2.18146887e-02 2.14828399e-03]
 [1.40462166e-02 9.06207522e-04 7.64839148e-01 0.00000000e+00
  0.00000000e+00 1.88491164e-01 0.00000000e+00 1.90303580e-02
  7.70276393e-03 4.98414137e-03 0.00000000e+00]
 [1.83823529e-03 2.60416667e-02 1.22549020e-03 3.17095588e-01
  0.00000000e+00 5.82107843e-03 0.00000000e+00 9.19117647e-03
  3.67647059e-02 6.12745098e-04 6.01409314e-01]
 [1.25450839e-03 1.11337620e-02 0.00000000e+00 0.00000000e+00
  3.58946213e-01 0.00000000e+00 5.98086875e-01 4.70440646e-04
  3.13627097e-04 2.97945743e-02 0.00000000e+00]
 [0.00000000e+00 0.00000000e+00 0.00000000e+00 0.00000000e+00
  0.00000000e+00 1.00000000e+00 0.00000000e+00 0.00000000e+00
  0.00000000e+00 0.00000000e+00 0.00000000e+00]
 [0.00000000e+00 0.00000000e+00 0.00000000e+00 0.00000000e+00
  0.00000000e+00 0.00000000e+00 1.00000000e+00 0.00000000e+00
  0.00000000e+00 0.00000000e+00 0.00000000e+00]
 [4.80769231e-03 0.00000000e+00 0.00000000e+00 4.32692308e-02
  0.00000000e+00 0.00000000e+00 0.00000000e+00 6.73076923e-01
  2.78846154e-01 0.00000000e+00 0.00000000e+00]
 [1.50417827e-01 2.78551532e-01 3.34261838e-02 9.19220056e-02
  0.00000000e+00 2.78551532e-03 0.00000000e+00 2.47910864e-01
  1.94986072e-01 0.00000000e+00 0.00000000e+00]
 [0.00000000e+00 0.00000000e+00 0.00000000e+00 0.00000000e+00
  0.00000000e+00 0.00000000e+00 0.00000000e+00 0.00000000e+00
  0.00000000e+00 0.00000000e+00 0.00000000e+00]
 [0.00000000e+00 8.58895706e-02 0.00000000e+00 1.10429448e-01
  0.00000000e+00 0.00000000e+00 0.00000000e+00 0.00000000e+00
  0.00000000e+00 0.00000000e+00 8.03680982e-01]]


