Window Size: 5
[[9.34654526e-01 2.53883235e-02 2.76379218e-03 2.46384574e-03
  7.28441350e-04 0.00000000e+00 8.35565078e-04 4.28494912e-05
  3.23085163e-02 5.14193894e-04 2.99946438e-04]
 [2.07616686e-02 9.36929229e-01 8.52118947e-03 5.95435576e-03
  1.30960904e-03 0.00000000e+00 4.01613438e-04 2.26998900e-04
  2.48651103e-02 1.03022578e-03 0.00000000e+00]
 [4.80289986e-02 4.98414137e-03 9.25690983e-01 4.07793385e-03
  0.00000000e+00 0.00000000e+00 9.06207522e-04 9.06207522e-04
  1.54055279e-02 0.00000000e+00 0.00000000e+00]
 [6.12745098e-04 4.28921569e-03 3.06372549e-04 9.58946078e-01
  3.06372549e-03 2.14460784e-03 0.00000000e+00 0.00000000e+00
  3.06372549e-02 0.00000000e+00 0.00000000e+00]
 [1.56813549e-03 5.01803356e-03 0.00000000e+00 7.84067743e-04
  8.79880822e-01 3.13627097e-04 1.03967383e-01 1.41132194e-03
  2.82264388e-03 4.23396581e-03 0.00000000e+00]
 [0.00000000e+00 0.00000000e+00 5.00000000e-01 0.00000000e+00
  0.00000000e+00 5.00000000e-01 0.00000000e+00 0.00000000e+00
  0.00000000e+00 0.00000000e+00 0.00000000e+00]
 [0.00000000e+00 0.00000000e+00 0.00000000e+00 0.00000000e+00
  0.00000000e+00 0.00000000e+00 1.00000000e+00 0.00000000e+00
  0.00000000e+00 0.00000000e+00 0.00000000e+00]
 [0.00000000e+00 0.00000000e+00 0.00000000e+00 0.00000000e+00
  0.00000000e+00 0.00000000e+00 0.00000000e+00 9.54326923e-01
  3.84615385e-02 7.21153846e-03 0.00000000e+00]
 [1.94986072e-02 5.57103064e-03 0.00000000e+00 1.94986072e-02
  0.00000000e+00 0.00000000e+00 0.00000000e+00 2.86908078e-01
  6.49025070e-01 1.39275766e-02 5.57103064e-03]
 [0.00000000e+00 0.00000000e+00 0.00000000e+00 0.00000000e+00
  0.00000000e+00 0.00000000e+00 0.00000000e+00 0.00000000e+00
  0.00000000e+00 0.00000000e+00 0.00000000e+00]
 [0.00000000e+00 6.13496933e-03 0.00000000e+00 0.00000000e+00
  0.00000000e+00 0.00000000e+00 0.00000000e+00 0.00000000e+00
  2.45398773e-02 6.13496933e-03 9.63190184e-01]]


Window Size: 12
[[9.20599893e-01 1.97107659e-02 9.21264060e-04 2.18532405e-03
  1.52115694e-03 0.00000000e+00 3.42795929e-04 6.85591859e-04
  5.18050348e-02 1.49973219e-03 7.28441350e-04]
 [2.68240718e-02 9.23841291e-01 1.47567322e-02 6.07732877e-03
  1.93845831e-03 3.49271768e-05 1.04781531e-04 6.11225595e-04
  2.34012085e-02 2.40997520e-03 0.00000000e+00]
 [3.08110557e-02 1.35931128e-03 9.35206162e-01 0.00000000e+00
  0.00000000e+00 0.00000000e+00 0.00000000e+00 9.06207522e-04
  3.17172633e-02 0.00000000e+00 0.00000000e+00]
 [1.22549020e-03 4.90196078e-03 9.19117647e-04 9.39644608e-01
  0.00000000e+00 2.14460784e-03 0.00000000e+00 9.19117647e-04
  4.99387255e-02 0.00000000e+00 3.06372549e-04]
 [0.00000000e+00 6.74298259e-03 0.00000000e+00 1.72494904e-03
  6.07966128e-01 0.00000000e+00 3.69609534e-01 9.40881292e-04
  2.35220323e-03 1.06633213e-02 0.00000000e+00]
 [0.00000000e+00 0.00000000e+00 5.00000000e-01 0.00000000e+00
  0.00000000e+00 5.00000000e-01 0.00000000e+00 0.00000000e+00
  0.00000000e+00 0.00000000e+00 0.00000000e+00]
 [0.00000000e+00 0.00000000e+00 0.00000000e+00 0.00000000e+00
  5.20833333e-03 0.00000000e+00 9.94791667e-01 0.00000000e+00
  0.00000000e+00 0.00000000e+00 0.00000000e+00]
 [0.00000000e+00 0.00000000e+00 0.00000000e+00 0.00000000e+00
  0.00000000e+00 0.00000000e+00 0.00000000e+00 8.12500000e-01
  1.87500000e-01 0.00000000e+00 0.00000000e+00]
 [3.89972145e-02 9.47075209e-02 5.57103064e-03 2.22841226e-02
  0.00000000e+00 0.00000000e+00 0.00000000e+00 3.17548747e-01
  4.93036212e-01 1.67130919e-02 1.11420613e-02]
 [0.00000000e+00 0.00000000e+00 0.00000000e+00 0.00000000e+00
  0.00000000e+00 0.00000000e+00 0.00000000e+00 0.00000000e+00
  0.00000000e+00 0.00000000e+00 0.00000000e+00]
 [0.00000000e+00 1.22699387e-02 0.00000000e+00 0.00000000e+00
  0.00000000e+00 0.00000000e+00 0.00000000e+00 0.00000000e+00
  4.90797546e-02 3.06748466e-02 9.07975460e-01]]


Window Size: 19
[[9.09930370e-01 2.24102839e-02 9.64113551e-04 2.84949116e-03
  1.67113016e-03 0.00000000e+00 2.57096947e-04 6.64167113e-04
  5.92179968e-02 1.52115694e-03 5.14193894e-04]
 [2.79276919e-02 9.08462143e-01 2.12208541e-02 6.14793468e-03
  2.13081827e-03 3.49314470e-05 1.79896952e-03 4.36643088e-04
  2.82595407e-02 3.58047332e-03 0.00000000e+00]
 [2.44676031e-02 0.00000000e+00 9.33846851e-01 0.00000000e+00
  0.00000000e+00 0.00000000e+00 0.00000000e+00 4.53103761e-04
  4.12324422e-02 0.00000000e+00 0.00000000e+00]
 [1.22549020e-03 4.59558824e-03 2.14460784e-03 9.20036765e-01
  0.00000000e+00 3.37009804e-03 0.00000000e+00 9.19117647e-04
  6.77083333e-02 0.00000000e+00 0.00000000e+00]
 [0.00000000e+00 6.74298259e-03 0.00000000e+00 0.00000000e+00
  4.25121531e-01 0.00000000e+00 5.52924573e-01 3.13627097e-04
  1.88176258e-03 1.30155245e-02 0.00000000e+00]
 [0.00000000e+00 0.00000000e+00 5.00000000e-01 0.00000000e+00
  0.00000000e+00 5.00000000e-01 0.00000000e+00 0.00000000e+00
  0.00000000e+00 0.00000000e+00 0.00000000e+00]
 [0.00000000e+00 0.00000000e+00 0.00000000e+00 0.00000000e+00
  0.00000000e+00 0.00000000e+00 1.00000000e+00 0.00000000e+00
  0.00000000e+00 0.00000000e+00 0.00000000e+00]
 [0.00000000e+00 0.00000000e+00 0.00000000e+00 9.61538462e-03
  0.00000000e+00 0.00000000e+00 0.00000000e+00 7.04326923e-01
  2.86057692e-01 0.00000000e+00 0.00000000e+00]
 [4.17827298e-02 1.03064067e-01 1.94986072e-02 2.50696379e-02
  0.00000000e+00 0.00000000e+00 0.00000000e+00 3.09192201e-01
  4.84679666e-01 8.35654596e-03 8.35654596e-03]
 [0.00000000e+00 0.00000000e+00 0.00000000e+00 0.00000000e+00
  0.00000000e+00 0.00000000e+00 0.00000000e+00 0.00000000e+00
  0.00000000e+00 0.00000000e+00 0.00000000e+00]
 [0.00000000e+00 1.22699387e-02 0.00000000e+00 0.00000000e+00
  0.00000000e+00 0.00000000e+00 0.00000000e+00 0.00000000e+00
  4.29447853e-02 1.10429448e-01 8.34355828e-01]]


